ages Centile1 Centile2 Centile3 Centile4 Centile5 Centile6 Centile7 Centile8 Centile9 Centile10 Centile11 Centile12 Centile13 Centile14 Centile15 Centile16 Centile17 Centile18 Centile19 Centile20 Centile21 Centile22 Centile23 Centile24 Centile25 Centile26 Centile27 Centile28 Centile29 Centile30 Centile31 Centile32 Centile33 Centile34 Centile35 Centile36 Centile37 Centile38 Centile39 Centile40 Centile41 Centile42 Centile43 Centile44 Centile45 Centile46 Centile47 Centile48 Centile49 Centile50 Centile51 Centile52 Centile53 Centile54 Centile55 Centile56 Centile57 Centile58 Centile59 Centile60 Centile61 Centile62 Centile63 Centile64 Centile65 Centile66 Centile67 Centile68 Centile69 Centile70 Centile71 Centile72 Centile73 Centile74 Centile75 Centile76 Centile77 Centile78 Centile79 Centile80 Centile81 Centile82 Centile83 Centile84 Centile85 Centile86 Centile87 Centile88 Centile89 Centile90 Centile91 Centile92 Centile93 Centile94 Centile95 Centile96 Centile97 Centile98 Centile99
0 0.0 0.0 0.0 0.0 0.0 0.0 0.0 0.0 0.0 0.0 0.0 0.0 0.0 0.0 0.0 0.0 0.0 0.0 0.0 0.0 0.0 0.0 0.0 0.0 0.0 0.0 0.0 0.0 0.0 0.0 0.0 0.0 0.0 0.0 0.0 0.0 0.0 0.0 0.0 0.0 0.0 0.0 0.0 0.0 0.0 0.0 0.0 0.0 0.0 0.0 0.0 0.0 0.0 0.0 0.0 0.0 0.0 0.0 0.0 0.0 0.0 0.0 0.0 0.0 0.0 0.0 0.0 0.0 0.0 0.0 0.0 0.0 0.0 0.0 0.0 0.0 0.0 0.0 0.0 0.0 0.0 0.0 0.0 0.0 0.0 0.0 0.0 0.0 0.0 0.0 0.0 0.0 0.0 0.0 0.0 0.0 0.0 0.0 0.0
1 1.0 1.0 1.0 1.0 1.0 1.0 1.0 1.0 1.0 1.0 1.0 1.0 1.0 1.0 1.0 1.0 1.0 1.0 1.0 1.0 1.0 1.0 1.0 1.0 1.0 1.0 1.0 1.0 1.0 1.0 1.0 1.0 1.0 1.0 1.0 1.0 1.0 1.0 1.0 1.0 1.0 1.0 1.0 1.0 1.0 1.0 1.0 1.0 1.0 1.0 1.0 1.0 1.0 1.0 1.0 1.0 1.0 1.0 1.0 1.0 1.0 1.0 1.0 1.0 1.0 1.0 1.0 1.0 1.0 1.0 1.0 1.0 1.0 1.0 1.0 1.0 1.0 1.0 1.0 1.0 1.0 1.0 1.0 1.0 1.0 1.0 1.0 1.0 1.0 1.0 1.0 1.0 1.0 1.0 1.0 1.0 1.0 1.0 1.0
2 2.0 2.0 2.0 2.0 2.0 2.0 2.0 2.0 2.0 2.0 2.0 2.0 2.0 2.0 2.0 2.0 2.0 2.0 2.0 2.0 2.0 2.0 2.0 2.0 2.0 2.0 2.0 2.0 2.0 2.0 2.0 2.0 2.0 2.0 2.0 2.0 2.0 2.0 2.0 2.0 2.0 2.0 2.0 2.0 2.0 2.0 2.0 2.0 2.0 2.0 2.0 2.0 2.0 2.0 2.0 2.0 2.0 2.0 2.0 2.0 2.0 2.0 2.0 2.0 2.0 2.0 2.0 2.0 2.0 2.0 2.0 2.0 2.0 2.0 2.0 2.0 2.0 2.0 2.0 2.0 2.0 2.0 2.0 2.0 2.0 2.0 2.0 2.0 2.0 2.0 2.0 2.0 2.0 2.0 2.0 2.0 2.0 2.0 2.0
3 3.0 3.0 3.0 3.0 3.0 3.0 3.0 3.0 3.0 3.0 3.0 3.0 3.0 3.0 3.0 3.0 3.0 3.0 3.0 3.0 3.0 3.0 3.0 3.0 3.0 3.0 3.0 3.0 3.0 3.0 3.0 3.0 3.0 3.0 3.0 3.0 3.0 3.0 3.0 3.0 3.0 3.0 3.0 3.0 3.0 3.0 3.0 3.0 3.0 3.0 3.0 3.0 3.0 3.0 3.0 3.0 3.0 3.0 3.0 3.0 3.0 3.0 3.0 3.0 3.0 3.0 3.0 3.0 3.0 3.0 3.0 3.0 3.0 3.0 3.0 3.0 3.0 3.0 3.0 3.0 3.0 3.0 3.0 3.0 3.0 3.0 3.0 3.0 3.0 3.0 3.0 3.0 3.0 3.0 3.0 3.0 3.0 3.0 3.0
4 4.0 4.0 4.0 4.0 4.0 4.0 4.0 4.0 4.0 4.0 4.0 4.0 4.0 4.0 4.0 4.0 4.0 4.0 4.0 4.0 4.0 4.0 4.0 4.0 4.0 4.0 4.0 4.0 4.0 4.0 4.0 4.0 4.0 4.0 4.0 4.0 4.0 4.0 4.0 4.0 4.0 4.0 4.0 4.0 4.0 4.0 4.0 4.0 4.0 4.0 4.0 4.0 4.0 4.0 4.0 4.0 4.0 4.0 4.0 4.0 4.0 4.0 4.0 4.0 4.0 4.0 4.0 4.0 4.0 4.0 4.0 4.0 4.0 4.0 4.0 4.0 4.0 4.0 4.0 4.0 4.0 4.0 4.0 4.0 4.0 4.0 4.0 4.0 4.0 4.0 4.0 4.0 4.0 4.0 4.0 4.0 4.0 4.0 4.0
5 5.0 5.0 5.0 5.0 5.0 5.0 5.0 5.0 5.0 5.0 5.0 5.0 5.0 5.0 5.0 5.0 5.0 5.0 5.0 5.0 5.0 5.0 5.0 5.0 5.0 5.0 5.0 5.0 5.0 5.0 5.0 5.0 5.0 5.0 5.0 5.0 5.0 5.0 5.0 5.0 5.0 5.0 5.0 5.0 5.0 5.0 5.0 5.0 5.0 5.0 5.0 5.0 5.0 5.0 5.0 5.0 5.0 5.0 5.0 5.0 5.0 5.0 5.0 5.0 5.0 5.0 5.0 5.0 5.0 5.0 5.0 5.0 5.0 5.0 5.0 5.0 5.0 5.0 5.0 5.0 5.0 5.0 5.0 5.0 5.0 5.0 5.0 5.0 5.0 5.0 5.0 5.0 5.0 5.0 5.0 5.0 5.0 5.0 5.0
6 6.0 6.0 6.0 6.0 6.0 6.0 6.0 6.0 6.0 6.0 6.0 6.0 6.0 6.0 6.0 6.0 6.0 6.0 6.0 6.0 6.0 6.0 6.0 6.0 6.0 6.0 6.0 6.0 6.0 6.0 6.0 6.0 6.0 6.0 6.0 6.0 6.0 6.0 6.0 6.0 6.0 6.0 6.0 6.0 6.0 6.0 6.0 6.0 6.0 6.0 6.0 6.0 6.0 6.0 6.0 6.0 6.0 6.0 6.0 6.0 6.0 6.0 6.0 6.0 6.0 6.0 6.0 6.0 6.0 6.0 6.0 6.0 6.0 6.0 6.0 6.0 6.0 6.0 6.0 6.0 6.0 6.0 6.0 6.0 6.0 6.0 6.0 6.0 6.0 6.0 6.0 6.0 6.0 6.0 6.0 6.0 6.0 6.0 6.0
7 7.0 7.0 7.0 7.0 7.0 7.0 7.0 7.0 7.0 7.0 7.0 7.0 7.0 7.0 7.0 7.0 7.0 7.0 7.0 7.0 7.0 7.0 7.0 7.0 7.0 7.0 7.0 7.0 7.0 7.0 7.0 7.0 7.0 7.0 7.0 7.0 7.0 7.0 7.0 7.0 7.0 7.0 7.0 7.0 7.0 7.0 7.0 7.0 7.0 7.0 7.0 7.0 7.0 7.0 7.0 7.0 7.0 7.0 7.0 7.0 7.0 7.0 7.0 7.0 7.0 7.0 7.0 7.0 7.0 7.0 7.0 7.0 7.0 7.0 7.0 7.0 7.0 7.0 7.0 7.0 7.0 7.0 7.0 7.0 7.0 7.0 7.0 7.0 7.0 7.0 7.0 7.0 7.0 7.0 7.0 7.0 7.0 7.0 7.0
8 8.0 8.0 8.0 8.0 8.0 8.0 8.0 8.0 8.0 8.0 8.0 8.0 8.0 8.0 8.0 8.0 8.0 8.0 8.0 8.0 8.0 8.0 8.0 8.0 8.0 8.0 8.0 8.0 8.0 8.0 8.0 8.0 8.0 8.0 8.0 8.0 8.0 8.0 8.0 8.0 8.0 8.0 8.0 8.0 8.0 8.0 8.0 8.0 8.0 8.0 8.0 8.0 8.0 8.0 8.0 8.0 8.0 8.0 8.0 8.0 8.0 8.0 8.0 8.0 8.0 8.0 8.0 8.0 8.0 8.0 8.0 8.0 8.0 8.0 8.0 8.0 8.0 8.0 8.0 8.0 8.0 8.0 8.0 8.0 8.0 8.0 8.0 8.0 8.0 8.0 8.0 8.0 8.0 8.0 8.0 8.0 8.0 8.0 8.0
9 9.0 9.0 9.0 9.0 9.0 9.0 9.0 9.0 9.0 9.0 9.0 9.0 9.0 9.0 9.0 9.0 9.0 9.0 9.0 9.0 9.0 9.0 9.0 9.0 9.0 9.0 9.0 9.0 9.0 9.0 9.0 9.0 9.0 9.0 9.0 9.0 9.0 9.0 9.0 9.0 9.0 9.0 9.0 9.0 9.0 9.0 9.0 9.0 9.0 9.0 9.0 9.0 9.0 9.0 9.0 9.0 9.0 9.0 9.0 9.0 9.0 9.0 9.0 9.0 9.0 9.0 9.0 9.0 9.0 9.0 9.0 9.0 9.0 9.0 9.0 9.0 9.0 9.0 9.0 9.0 9.0 9.0 9.0 9.0 9.0 9.0 9.0 9.0 9.0 9.0 9.0 9.0 9.0 9.0 9.0 9.0 9.0 9.0 9.0
10 10.0 10.0 10.0 10.0 10.0 10.0 10.0 10.0 10.0 10.0 10.0 10.0 10.0 10.0 10.0 10.0 10.0 10.0 10.0 10.0 10.0 10.0 10.0 10.0 10.0 10.0 10.0 10.0 10.0 10.0 10.0 10.0 10.0 10.0 10.0 10.0 10.0 10.0 10.0 10.0 10.0 10.0 10.0 10.0 10.0 10.0 10.0 10.0 10.0 10.0 10.0 10.0 10.0 10.0 10.0 10.0 10.0 10.0 10.0 10.0 10.0 10.0 10.0 10.0 10.0 10.0 10.0 10.0 10.0 10.0 10.0 10.0 10.0 10.0 10.0 10.0 10.0 10.0 10.0 10.0 10.0 10.0 10.0 10.0 10.0 10.0 10.0 10.0 10.0 10.0 10.0 10.0 10.0 10.0 10.0 10.0 10.0 10.0 10.0
11 11.0 11.0 11.0 11.0 11.0 11.0 11.0 11.0 11.0 11.0 11.0 11.0 11.0 11.0 11.0 11.0 11.0 11.0 11.0 11.0 11.0 11.0 11.0 11.0 11.0 11.0 11.0 11.0 11.0 11.0 11.0 11.0 11.0 11.0 11.0 11.0 11.0 11.0 11.0 11.0 11.0 11.0 11.0 11.0 11.0 11.0 11.0 11.0 11.0 11.0 11.0 11.0 11.0 11.0 11.0 11.0 11.0 11.0 11.0 11.0 11.0 11.0 11.0 11.0 11.0 11.0 11.0 11.0 11.0 11.0 11.0 11.0 11.0 11.0 11.0 11.0 11.0 11.0 11.0 11.0 11.0 11.0 11.0 11.0 11.0 11.0 11.0 11.0 11.0 11.0 11.0 11.0 11.0 11.0 11.0 11.0 11.0 11.0 11.0
12 12.0 12.0 12.0 12.0 12.0 12.0 12.0 12.0 12.0 12.0 12.0 12.0 12.0 12.0 12.0 12.0 12.0 12.0 12.0 12.0 12.0 12.0 12.0 12.0 12.0 12.0 12.0 12.0 12.0 12.0 12.0 12.0 12.0 12.0 12.0 12.0 12.0 12.0 12.0 12.0 12.0 12.0 12.0 12.0 12.0 12.0 12.0 12.0 12.0 12.0 12.0 12.0 12.0 12.0 12.0 12.0 12.0 12.0 12.0 12.0 12.0 12.0 12.0 12.0 12.0 12.0 12.0 12.0 12.0 12.0 12.0 12.0 12.0 12.0 12.0 12.0 12.0 12.0 12.0 12.0 12.0 12.0 12.0 12.0 12.0 12.0 12.0 12.0 12.0 12.0 12.0 12.0 12.0 12.0 12.0 12.0 12.0 12.0 12.0
13 13.0 13.0 13.0 13.0 13.0 13.0 13.0 13.0 13.0 13.0 13.0 13.0 13.0 13.0 13.0 13.0 13.0 13.0 13.0 13.0 13.0 13.0 13.0 13.0 13.0 13.0 13.0 13.0 13.0 13.0 13.0 13.0 13.0 13.0 13.0 13.0 13.0 13.0 13.0 13.0 13.0 13.0 13.0 13.0 13.0 13.0 13.0 13.0 13.0 13.0 13.0 13.0 13.0 13.0 13.0 13.0 13.0 13.0 13.0 13.0 13.0 13.0 13.0 13.0 13.0 13.0 13.0 13.0 13.0 13.0 13.0 13.0 13.0 13.0 13.0 13.0 13.0 13.0 13.0 13.0 13.0 13.0 13.0 13.0 13.0 13.0 13.0 13.0 13.0 13.0 13.0 13.0 13.0 13.0 13.0 13.0 13.0 13.0 13.0
14 14.0 14.0 14.0 14.0 14.0 14.0 14.0 14.0 14.0 14.0 14.0 14.0 14.0 14.0 14.0 14.0 14.0 14.0 14.0 14.0 14.0 14.0 14.0 14.0 14.0 14.0 14.0 14.0 14.0 14.0 14.0 14.0 14.0 14.0 14.0 14.0 14.0 14.0 14.0 14.0 14.0 14.0 14.0 14.0 14.0 14.0 14.0 14.0 14.0 14.0 14.0 14.0 14.0 14.0 14.0 14.0 14.0 14.0 14.0 14.0 14.0 14.0 14.0 14.0 14.0 14.0 14.0 14.0 14.0 14.0 14.0 14.0 14.0 14.0 14.0 14.0 14.0 14.0 14.0 14.0 14.0 14.0 14.0 14.0 14.0 14.0 14.0 14.0 14.0 14.0 14.0 14.0 14.0 14.0 14.0 14.0 14.0 14.0 14.0
15 15.0 15.0 15.0 15.0 15.0 15.0 15.0 15.0 15.0 15.0 15.0 15.0 15.0 15.0 15.0 15.0 15.0 15.0 15.0 15.0 15.0 15.0 15.0 15.0 15.0 15.0 15.0 15.0 15.0 15.0 15.0 15.0 15.0 15.0 15.0 15.0 15.0 15.0 15.0 15.0 15.0 15.0 15.0 15.0 15.0 15.0 15.0 15.0 15.0 15.0 15.0 15.0 15.0 15.0 15.0 15.0 15.0 15.0 15.0 15.0 15.0 15.0 15.0 15.0 15.0 15.0 15.0 15.0 15.0 15.0 15.0 15.0 15.0 15.0 15.0 15.0 15.0 15.0 15.0 15.0 15.0 15.0 15.0 15.0 15.0 15.0 15.0 15.0 15.0 15.0 15.0 15.0 15.0 15.0 15.0 15.0 15.0 15.0 15.0
16 16.0 16.0 16.0 16.0 16.0 16.0 16.0 16.0 16.0 16.0 16.0 16.0 16.0 16.0 16.0 16.0 16.0 16.0 16.0 16.0 16.0 16.0 16.0 16.0 16.0 16.0 16.0 16.0 16.0 16.0 16.0 16.0 16.0 16.0 16.0 16.0 16.0 16.0 16.0 16.0 16.0 16.0 16.0 16.0 16.0 16.0 16.0 16.0 16.0 16.0 16.0 16.0 16.0 16.0 16.0 16.0 16.0 16.0 16.0 16.0 16.0 16.0 16.0 16.0 16.0 16.0 16.0 16.0 16.0 16.0 16.0 16.0 16.0 16.0 16.0 16.0 16.0 16.0 16.0 16.0 16.0 16.0 16.0 16.0 16.0 16.0 16.0 16.0 16.0 16.0 16.0 16.0 16.0 16.0 16.0 16.0 16.0 16.0 16.0
17 17.0 17.0 17.0 17.0 17.0 17.0 17.0 17.0 17.0 17.0 17.0 17.0 17.0 17.0 17.0 17.0 17.0 17.0 17.0 17.0 17.0 17.0 17.0 17.0 17.0 17.0 17.0 17.0 17.0 17.0 17.0 17.0 17.0 17.0 17.0 17.0 17.0 17.0 17.0 17.0 17.0 17.0 17.0 17.0 17.0 17.0 17.0 17.0 17.0 17.0 17.0 17.0 17.0 17.0 17.0 17.0 17.0 17.0 17.0 17.0 17.0 17.0 17.0 17.0 17.0 17.0 17.0 17.0 17.0 17.0 17.0 17.0 17.0 17.0 17.0 17.0 17.0 17.0 17.0 17.0 17.0 17.0 17.0 17.0 17.0 17.0 17.0 17.0 17.0 17.0 17.0 17.0 17.0 17.0 17.0 17.0 17.0 17.0 17.0
18 18.0 18.0 18.0 18.0 18.0 18.0 18.0 18.0 18.0 18.0 18.0 18.0 18.0 18.0 18.0 18.0 18.0 18.0 18.0 18.0 18.0 18.0 18.0 18.0 18.0 18.0 18.0 18.0 18.0 18.0 18.0 18.0 18.0 18.0 18.0 18.0 18.0 18.0 18.0 18.0 18.0 18.0 18.0 18.0 18.0 18.0 18.0 18.0 18.0 18.0 18.0 18.0 18.0 18.0 18.0 18.0 18.0 18.0 18.0 18.0 18.0 18.0 18.0 18.0 18.0 18.0 18.0 18.0 18.0 18.0 18.0 18.0 18.0 18.0 18.0 18.0 18.0 18.0 18.0 18.0 18.0 18.0 18.0 18.0 18.0 18.0 18.0 18.0 18.0 18.0 18.0 18.0 18.0 18.0 18.0 18.0 18.0 18.0 18.0
19 19.0 19.0 19.0 19.0 19.0 19.0 19.0 19.0 19.0 19.0 19.0 19.0 19.0 19.0 19.0 19.0 19.0 19.0 19.0 19.0 19.0 19.0 19.0 19.0 19.0 19.0 19.0 19.0 19.0 19.0 19.0 19.0 19.0 19.0 19.0 19.0 19.0 19.0 19.0 19.0 19.0 19.0 19.0 19.0 19.0 19.0 19.0 19.0 19.0 19.0 19.0 19.0 19.0 19.0 19.0 19.0 19.0 19.0 19.0 19.0 19.0 19.0 19.0 19.0 19.0 19.0 19.0 19.0 19.0 19.0 19.0 19.0 19.0 19.0 19.0 19.0 19.0 19.0 19.0 19.0 19.0 19.0 19.0 19.0 19.0 19.0 19.0 19.0 19.0 19.0 19.0 19.0 19.0 19.0 19.0 19.0 19.0 19.0 19.0
20 20.0 20.0 20.0 20.0 20.0 20.0 20.0 20.0 20.0 20.0 20.0 20.0 20.0 20.0 20.0 20.0 20.0 20.0 20.0 20.0 20.0 20.0 20.0 20.0 20.0 20.0 20.0 20.0 20.0 20.0 20.0 20.0 20.0 20.0 20.0 20.0 20.0 20.0 20.0 20.0 20.0 20.0 20.0 20.0 20.0 20.0 20.0 20.0 20.0 20.0 20.0 20.0 20.0 20.0 20.0 20.0 20.0 20.0 20.0 20.0 20.0 20.0 20.0 20.0 20.0 20.0 20.0 20.0 20.0 20.0 20.0 20.0 20.0 20.0 20.0 20.0 20.0 20.0 20.0 20.0 20.0 20.0 20.0 20.0 20.0 20.0 20.0 20.0 20.0 20.0 20.0 20.0 20.0 20.0 20.0 20.0 20.0 20.0 20.0
21 21.0 21.0 21.0 21.0 21.0 21.0 21.0 21.0 21.0 21.0 21.0 21.0 21.0 21.0 21.0 21.0 21.0 21.0 21.0 21.0 21.0 21.0 21.0 21.0 21.0 21.0 21.0 21.0 21.0 21.0 21.0 21.0 21.0 21.0 21.0 21.0 21.0 21.0 21.0 21.0 21.0 21.0 21.0 21.0 21.0 21.0 21.0 21.0 21.0 21.0 21.0 21.0 21.0 21.0 21.0 21.0 21.0 21.0 21.0 21.0 21.0 21.0 21.0 21.0 21.0 21.0 21.0 21.0 21.0 21.0 21.0 21.0 21.0 21.0 21.0 21.0 21.0 21.0 21.0 21.0 21.0 21.0 21.0 21.0 21.0 21.0 21.0 21.0 21.0 21.0 21.0 21.0 21.0 21.0 21.0 21.0 21.0 21.0 21.0
22 22.0 22.0 22.0 22.0 22.0 22.0 22.0 22.0 22.0 22.0 22.0 22.0 22.0 22.0 22.0 22.0 22.0 22.0 22.0 22.0 22.0 22.0 22.0 22.0 22.0 22.0 22.0 22.0 22.0 22.0 22.0 22.0 22.0 22.0 22.0 22.0 22.0 22.0 22.0 22.0 22.0 22.0 22.0 22.0 22.0 22.0 22.0 22.0 22.0 22.0 22.0 22.0 22.0 22.0 22.0 22.0 22.0 22.0 22.0 22.0 22.0 22.0 22.0 22.0 22.0 22.0 22.0 22.0 22.0 22.0 22.0 22.0 22.0 22.0 22.0 22.0 22.0 22.0 22.0 22.0 22.0 22.0 22.0 22.0 22.0 22.0 22.0 22.0 22.0 22.0 22.0 22.0 22.0 22.0 22.0 22.0 22.0 22.0 22.0
23 23.0 23.0 23.0 23.0 23.0 23.0 23.0 23.0 23.0 23.0 23.0 23.0 23.0 23.0 23.0 23.0 23.0 23.0 23.0 23.0 23.0 23.0 23.0 23.0 23.0 23.0 23.0 23.0 23.0 23.0 23.0 23.0 23.0 23.0 23.0 23.0 23.0 23.0 23.0 23.0 23.0 23.0 23.0 23.0 23.0 23.0 23.0 23.0 23.0 23.0 23.0 23.0 23.0 23.0 23.0 23.0 23.0 23.0 23.0 23.0 23.0 23.0 23.0 23.0 23.0 23.0 23.0 23.0 23.0 23.0 23.0 23.0 23.0 23.0 23.0 23.0 23.0 23.0 23.0 23.0 23.0 23.0 23.0 23.0 23.0 23.0 23.0 23.0 23.0 23.0 23.0 23.0 23.0 23.0 23.0 23.0 23.0 23.0 23.0
24 24.0 24.0 24.0 24.0 24.0 24.0 24.0 24.0 24.0 24.0 24.0 24.0 24.0 24.0 24.0 24.0 24.0 24.0 24.0 24.0 24.0 24.0 24.0 24.0 24.0 24.0 24.0 24.0 24.0 24.0 24.0 24.0 24.0 24.0 24.0 24.0 24.0 24.0 24.0 24.0 24.0 24.0 24.0 24.0 24.0 24.0 24.0 24.0 24.0 24.0 24.0 24.0 24.0 24.0 24.0 24.0 24.0 24.0 24.0 24.0 24.0 24.0 24.0 24.0 24.0 24.0 24.0 24.0 24.0 24.0 24.0 24.0 24.0 24.0 24.0 24.0 24.0 24.0 24.0 24.0 24.0 24.0 24.0 24.0 24.0 24.0 24.0 24.0 24.0 24.0 24.0 24.0 24.0 24.0 24.0 24.0 24.0 24.0 24.0
25 25.0 25.0 25.0 25.0 25.0 25.0 25.0 25.0 25.0 25.0 25.0 25.0 25.0 25.0 25.0 25.0 25.0 25.0 25.0 25.0 25.0 25.0 25.0 25.0 25.0 25.0 25.0 25.0 25.0 25.0 25.0 25.0 25.0 25.0 25.0 25.0 25.0 25.0 25.0 25.0 25.0 25.0 25.0 25.0 25.0 25.0 25.0 25.0 25.0 25.0 25.0 25.0 25.0 25.0 25.0 25.0 25.0 25.0 25.0 25.0 25.0 25.0 25.0 25.0 25.0 25.0 25.0 25.0 25.0 25.0 25.0 25.0 25.0 25.0 25.0 25.0 25.0 25.0 25.0 25.0 25.0 25.0 25.0 25.0 25.0 25.0 25.0 25.0 25.0 25.0 25.0 25.0 25.0 25.0 25.0 25.0 25.0 25.0 25.0
26 26.0 26.0 26.0 26.0 26.0 26.0 26.0 26.0 26.0 26.0 26.0 26.0 26.0 26.0 26.0 26.0 26.0 26.0 26.0 26.0 26.0 26.0 26.0 26.0 26.0 26.0 26.0 26.0 26.0 26.0 26.0 26.0 26.0 26.0 26.0 26.0 26.0 26.0 26.0 26.0 26.0 26.0 26.0 26.0 26.0 26.0 26.0 26.0 26.0 26.0 26.0 26.0 26.0 26.0 26.0 26.0 26.0 26.0 26.0 26.0 26.0 26.0 26.0 26.0 26.0 26.0 26.0 26.0 26.0 26.0 26.0 26.0 26.0 26.0 26.0 26.0 26.0 26.0 26.0 26.0 26.0 26.0 26.0 26.0 26.0 26.0 26.0 26.0 26.0 26.0 26.0 26.0 26.0 26.0 26.0 26.0 26.0 26.0 26.0
27 27.0 27.0 27.0 27.0 27.0 27.0 27.0 27.0 27.0 27.0 27.0 27.0 27.0 27.0 27.0 27.0 27.0 27.0 27.0 27.0 27.0 27.0 27.0 27.0 27.0 27.0 27.0 27.0 27.0 27.0 27.0 27.0 27.0 27.0 27.0 27.0 27.0 27.0 27.0 27.0 27.0 27.0 27.0 27.0 27.0 27.0 27.0 27.0 27.0 27.0 27.0 27.0 27.0 27.0 27.0 27.0 27.0 27.0 27.0 27.0 27.0 27.0 27.0 27.0 27.0 27.0 27.0 27.0 27.0 27.0 27.0 27.0 27.0 27.0 27.0 27.0 27.0 27.0 27.0 27.0 27.0 27.0 27.0 27.0 27.0 27.0 27.0 27.0 27.0 27.0 27.0 27.0 27.0 27.0 27.0 27.0 27.0 27.0 27.0
28 28.0 28.0 28.0 28.0 28.0 28.0 28.0 28.0 28.0 28.0 28.0 28.0 28.0 28.0 28.0 28.0 28.0 28.0 28.0 28.0 28.0 28.0 28.0 28.0 28.0 28.0 28.0 28.0 28.0 28.0 28.0 28.0 28.0 28.0 28.0 28.0 28.0 28.0 28.0 28.0 28.0 28.0 28.0 28.0 28.0 28.0 28.0 28.0 28.0 28.0 28.0 28.0 28.0 28.0 28.0 28.0 28.0 28.0 28.0 28.0 28.0 28.0 28.0 28.0 28.0 28.0 28.0 28.0 28.0 28.0 28.0 28.0 28.0 28.0 28.0 28.0 28.0 28.0 28.0 28.0 28.0 28.0 28.0 28.0 28.0 28.0 28.0 28.0 28.0 28.0 28.0 28.0 28.0 28.0 28.0 28.0 28.0 28.0 28.0
29 29.0 29.0 29.0 29.0 29.0 29.0 29.0 29.0 29.0 29.0 29.0 29.0 29.0 29.0 29.0 29.0 29.0 29.0 29.0 29.0 29.0 29.0 29.0 29.0 29.0 29.0 29.0 29.0 29.0 29.0 29.0 29.0 29.0 29.0 29.0 29.0 29.0 29.0 29.0 29.0 29.0 29.0 29.0 29.0 29.0 29.0 29.0 29.0 29.0 29.0 29.0 29.0 29.0 29.0 29.0 29.0 29.0 29.0 29.0 29.0 29.0 29.0 29.0 29.0 29.0 29.0 29.0 29.0 29.0 29.0 29.0 29.0 29.0 29.0 29.0 29.0 29.0 29.0 29.0 29.0 29.0 29.0 29.0 29.0 29.0 29.0 29.0 29.0 29.0 29.0 29.0 29.0 29.0 29.0 29.0 29.0 29.0 29.0 29.0
30 30.0 30.0 30.0 30.0 30.0 30.0 30.0 30.0 30.0 30.0 30.0 30.0 30.0 30.0 30.0 30.0 30.0 30.0 30.0 30.0 30.0 30.0 30.0 30.0 30.0 30.0 30.0 30.0 30.0 30.0 30.0 30.0 30.0 30.0 30.0 30.0 30.0 30.0 30.0 30.0 30.0 30.0 30.0 30.0 30.0 30.0 30.0 30.0 30.0 30.0 30.0 30.0 30.0 30.0 30.0 30.0 30.0 30.0 30.0 30.0 30.0 30.0 30.0 30.0 30.0 30.0 30.0 30.0 30.0 30.0 30.0 30.0 30.0 30.0 30.0 30.0 30.0 30.0 30.0 30.0 30.0 30.0 30.0 30.0 30.0 30.0 30.0 30.0 30.0 30.0 30.0 30.0 30.0 30.0 30.0 30.0 30.0 30.0 30.0
31 31.0 31.0 31.0 31.0 31.0 31.0 31.0 31.0 31.0 31.0 31.0 31.0 31.0 31.0 31.0 31.0 31.0 31.0 31.0 31.0 31.0 31.0 31.0 31.0 31.0 31.0 31.0 31.0 31.0 31.0 31.0 31.0 31.0 31.0 31.0 31.0 31.0 31.0 31.0 31.0 31.0 31.0 31.0 31.0 31.0 31.0 31.0 31.0 31.0 31.0 31.0 31.0 31.0 31.0 31.0 31.0 31.0 31.0 31.0 31.0 31.0 31.0 31.0 31.0 31.0 31.0 31.0 31.0 31.0 31.0 31.0 31.0 31.0 31.0 31.0 31.0 31.0 31.0 31.0 31.0 31.0 31.0 31.0 31.0 31.0 31.0 31.0 31.0 31.0 31.0 31.0 31.0 31.0 31.0 31.0 31.0 31.0 31.0 31.0
32 32.0 32.0 32.0 32.0 32.0 32.0 32.0 32.0 32.0 32.0 32.0 32.0 32.0 32.0 32.0 32.0 32.0 32.0 32.0 32.0 32.0 32.0 32.0 32.0 32.0 32.0 32.0 32.0 32.0 32.0 32.0 32.0 32.0 32.0 32.0 32.0 32.0 32.0 32.0 32.0 32.0 32.0 32.0 32.0 32.0 32.0 32.0 32.0 32.0 32.0 32.0 32.0 32.0 32.0 32.0 32.0 32.0 32.0 32.0 32.0 32.0 32.0 32.0 32.0 32.0 32.0 32.0 32.0 32.0 32.0 32.0 32.0 32.0 32.0 32.0 32.0 32.0 32.0 32.0 32.0 32.0 32.0 32.0 32.0 32.0 32.0 32.0 32.0 32.0 32.0 32.0 32.0 32.0 32.0 32.0 32.0 32.0 32.0 32.0
33 33.0 33.0 33.0 33.0 33.0 33.0 33.0 33.0 33.0 33.0 33.0 33.0 33.0 33.0 33.0 33.0 33.0 33.0 33.0 33.0 33.0 33.0 33.0 33.0 33.0 33.0 33.0 33.0 33.0 33.0 33.0 33.0 33.0 33.0 33.0 33.0 33.0 33.0 33.0 33.0 33.0 33.0 33.0 33.0 33.0 33.0 33.0 33.0 33.0 33.0 33.0 33.0 33.0 33.0 33.0 33.0 33.0 33.0 33.0 33.0 33.0 33.0 33.0 33.0 33.0 33.0 33.0 33.0 33.0 33.0 33.0 33.0 33.0 33.0 33.0 33.0 33.0 33.0 33.0 33.0 33.0 33.0 33.0 33.0 33.0 33.0 33.0 33.0 33.0 33.0 33.0 33.0 33.0 33.0 33.0 33.0 33.0 33.0 33.0
34 34.0 34.0 34.0 34.0 34.0 34.0 34.0 34.0 34.0 34.0 34.0 34.0 34.0 34.0 34.0 34.0 34.0 34.0 34.0 34.0 34.0 34.0 34.0 34.0 34.0 34.0 34.0 34.0 34.0 34.0 34.0 34.0 34.0 34.0 34.0 34.0 34.0 34.0 34.0 34.0 34.0 34.0 34.0 34.0 34.0 34.0 34.0 34.0 34.0 34.0 34.0 34.0 34.0 34.0 34.0 34.0 34.0 34.0 34.0 34.0 34.0 34.0 34.0 34.0 34.0 34.0 34.0 34.0 34.0 34.0 34.0 34.0 34.0 34.0 34.0 34.0 34.0 34.0 34.0 34.0 34.0 34.0 34.0 34.0 34.0 34.0 34.0 34.0 34.0 34.0 34.0 34.0 34.0 34.0 34.0 34.0 34.0 34.0 34.0
35 35.0 35.0 35.0 35.0 35.0 35.0 35.0 35.0 35.0 35.0 35.0 35.0 35.0 35.0 35.0 35.0 35.0 35.0 35.0 35.0 35.0 35.0 35.0 35.0 35.0 35.0 35.0 35.0 35.0 35.0 35.0 35.0 35.0 35.0 35.0 35.0 35.0 35.0 35.0 35.0 35.0 35.0 35.0 35.0 35.0 35.0 35.0 35.0 35.0 35.0 35.0 35.0 35.0 35.0 35.0 35.0 35.0 35.0 35.0 35.0 35.0 35.0 35.0 35.0 35.0 35.0 35.0 35.0 35.0 35.0 35.0 35.0 35.0 35.0 35.0 35.0 35.0 35.0 35.0 35.0 35.0 35.0 35.0 35.0 35.0 35.0 35.0 35.0 35.0 35.0 35.0 35.0 35.0 35.0 35.0 35.0 35.0 35.0 35.0
36 36.0 36.0 36.0 36.0 36.0 36.0 36.0 36.0 36.0 36.0 36.0 36.0 36.0 36.0 36.0 36.0 36.0 36.0 36.0 36.0 36.0 36.0 36.0 36.0 36.0 36.0 36.0 36.0 36.0 36.0 36.0 36.0 36.0 36.0 36.0 36.0 36.0 36.0 36.0 36.0 36.0 36.0 36.0 36.0 36.0 36.0 36.0 36.0 36.0 36.0 36.0 36.0 36.0 36.0 36.0 36.0 36.0 36.0 36.0 36.0 36.0 36.0 36.0 36.0 36.0 36.0 36.0 36.0 36.0 36.0 36.0 36.0 36.0 36.0 36.0 36.0 36.0 36.0 36.0 36.0 36.0 36.0 36.0 36.0 36.0 36.0 36.0 36.0 36.0 36.0 36.0 36.0 36.0 36.0 36.0 36.0 36.0 36.0 36.0
37 37.0 37.0 37.0 37.0 37.0 37.0 37.0 37.0 37.0 37.0 37.0 37.0 37.0 37.0 37.0 37.0 37.0 37.0 37.0 37.0 37.0 37.0 37.0 37.0 37.0 37.0 37.0 37.0 37.0 37.0 37.0 37.0 37.0 37.0 37.0 37.0 37.0 37.0 37.0 37.0 37.0 37.0 37.0 37.0 37.0 37.0 37.0 37.0 37.0 37.0 37.0 37.0 37.0 37.0 37.0 37.0 37.0 37.0 37.0 37.0 37.0 37.0 37.0 37.0 37.0 37.0 37.0 37.0 37.0 37.0 37.0 37.0 37.0 37.0 37.0 37.0 37.0 37.0 37.0 37.0 37.0 37.0 37.0 37.0 37.0 37.0 37.0 37.0 37.0 37.0 37.0 37.0 37.0 37.0 37.0 37.0 37.0 37.0 37.0
38 38.0 38.0 38.0 38.0 38.0 38.0 38.0 38.0 38.0 38.0 38.0 38.0 38.0 38.0 38.0 38.0 38.0 38.0 38.0 38.0 38.0 38.0 38.0 38.0 38.0 38.0 38.0 38.0 38.0 38.0 38.0 38.0 38.0 38.0 38.0 38.0 38.0 38.0 38.0 38.0 38.0 38.0 38.0 38.0 38.0 38.0 38.0 38.0 38.0 38.0 38.0 38.0 38.0 38.0 38.0 38.0 38.0 38.0 38.0 38.0 38.0 38.0 38.0 38.0 38.0 38.0 38.0 38.0 38.0 38.0 38.0 38.0 38.0 38.0 38.0 38.0 38.0 38.0 38.0 38.0 38.0 38.0 38.0 38.0 38.0 38.0 38.0 38.0 38.0 38.0 38.0 38.0 38.0 38.0 38.0 38.0 38.0 38.0 38.0
39 39.0 39.0 39.0 39.0 39.0 39.0 39.0 39.0 39.0 39.0 39.0 39.0 39.0 39.0 39.0 39.0 39.0 39.0 39.0 39.0 39.0 39.0 39.0 39.0 39.0 39.0 39.0 39.0 39.0 39.0 39.0 39.0 39.0 39.0 39.0 39.0 39.0 39.0 39.0 39.0 39.0 39.0 39.0 39.0 39.0 39.0 39.0 39.0 39.0 39.0 39.0 39.0 39.0 39.0 39.0 39.0 39.0 39.0 39.0 39.0 39.0 39.0 39.0 39.0 39.0 39.0 39.0 39.0 39.0 39.0 39.0 39.0 39.0 39.0 39.0 39.0 39.0 39.0 39.0 39.0 39.0 39.0 39.0 39.0 39.0 39.0 39.0 39.0 39.0 39.0 39.0 39.0 39.0 39.0 39.0 39.0 39.0 39.0 39.0
40 40.0 40.0 40.0 40.0 40.0 40.0 40.0 40.0 40.0 40.0 40.0 40.0 40.0 40.0 40.0 40.0 40.0 40.0 40.0 40.0 40.0 40.0 40.0 40.0 40.0 40.0 40.0 40.0 40.0 40.0 40.0 40.0 40.0 40.0 40.0 40.0 40.0 40.0 40.0 40.0 40.0 40.0 40.0 40.0 40.0 40.0 40.0 40.0 40.0 40.0 40.0 40.0 40.0 40.0 40.0 40.0 40.0 40.0 40.0 40.0 40.0 40.0 40.0 40.0 40.0 40.0 40.0 40.0 40.0 40.0 40.0 40.0 40.0 40.0 40.0 40.0 40.0 40.0 40.0 40.0 40.0 40.0 40.0 40.0 40.0 40.0 40.0 40.0 40.0 40.0 40.0 40.0 40.0 40.0 40.0 40.0 40.0 40.0 40.0
41 41.0 41.0 41.0 41.0 41.0 41.0 41.0 41.0 41.0 41.0 41.0 41.0 41.0 41.0 41.0 41.0 41.0 41.0 41.0 41.0 41.0 41.0 41.0 41.0 41.0 41.0 41.0 41.0 41.0 41.0 41.0 41.0 41.0 41.0 41.0 41.0 41.0 41.0 41.0 41.0 41.0 41.0 41.0 41.0 41.0 41.0 41.0 41.0 41.0 41.0 41.0 41.0 41.0 41.0 41.0 41.0 41.0 41.0 41.0 41.0 41.0 41.0 41.0 41.0 41.0 41.0 41.0 41.0 41.0 41.0 41.0 41.0 41.0 41.0 41.0 41.0 41.0 41.0 41.0 41.0 41.0 41.0 41.0 41.0 41.0 41.0 41.0 41.0 41.0 41.0 41.0 41.0 41.0 41.0 41.0 41.0 41.0 41.0 41.0
42 42.0 42.0 42.0 42.0 42.0 42.0 42.0 42.0 42.0 42.0 42.0 42.0 42.0 42.0 42.0 42.0 42.0 42.0 42.0 42.0 42.0 42.0 42.0 42.0 42.0 42.0 42.0 42.0 42.0 42.0 42.0 42.0 42.0 42.0 42.0 42.0 42.0 42.0 42.0 42.0 42.0 42.0 42.0 42.0 42.0 42.0 42.0 42.0 42.0 42.0 42.0 42.0 42.0 42.0 42.0 42.0 42.0 42.0 42.0 42.0 42.0 42.0 42.0 42.0 42.0 42.0 42.0 42.0 42.0 42.0 42.0 42.0 42.0 42.0 42.0 42.0 42.0 42.0 42.0 42.0 42.0 42.0 42.0 42.0 42.0 42.0 42.0 42.0 42.0 42.0 42.0 42.0 42.0 42.0 42.0 42.0 42.0 42.0 42.0
43 43.0 43.0 43.0 43.0 43.0 43.0 43.0 43.0 43.0 43.0 43.0 43.0 43.0 43.0 43.0 43.0 43.0 43.0 43.0 43.0 43.0 43.0 43.0 43.0 43.0 43.0 43.0 43.0 43.0 43.0 43.0 43.0 43.0 43.0 43.0 43.0 43.0 43.0 43.0 43.0 43.0 43.0 43.0 43.0 43.0 43.0 43.0 43.0 43.0 43.0 43.0 43.0 43.0 43.0 43.0 43.0 43.0 43.0 43.0 43.0 43.0 43.0 43.0 43.0 43.0 43.0 43.0 43.0 43.0 43.0 43.0 43.0 43.0 43.0 43.0 43.0 43.0 43.0 43.0 43.0 43.0 43.0 43.0 43.0 43.0 43.0 43.0 43.0 43.0 43.0 43.0 43.0 43.0 43.0 43.0 43.0 43.0 43.0 43.0
44 44.0 44.0 44.0 44.0 44.0 44.0 44.0 44.0 44.0 44.0 44.0 44.0 44.0 44.0 44.0 44.0 44.0 44.0 44.0 44.0 44.0 44.0 44.0 44.0 44.0 44.0 44.0 44.0 44.0 44.0 44.0 44.0 44.0 44.0 44.0 44.0 44.0 44.0 44.0 44.0 44.0 44.0 44.0 44.0 44.0 44.0 44.0 44.0 44.0 44.0 44.0 44.0 44.0 44.0 44.0 44.0 44.0 44.0 44.0 44.0 44.0 44.0 44.0 44.0 44.0 44.0 44.0 44.0 44.0 44.0 44.0 44.0 44.0 44.0 44.0 44.0 44.0 44.0 44.0 44.0 44.0 44.0 44.0 44.0 44.0 44.0 44.0 44.0 44.0 44.0 44.0 44.0 44.0 44.0 44.0 44.0 44.0 44.0 44.0
45 45.0 45.0 45.0 45.0 45.0 45.0 45.0 45.0 45.0 45.0 45.0 45.0 45.0 45.0 45.0 45.0 45.0 45.0 45.0 45.0 45.0 45.0 45.0 45.0 45.0 45.0 45.0 45.0 45.0 45.0 45.0 45.0 45.0 45.0 45.0 45.0 45.0 45.0 45.0 45.0 45.0 45.0 45.0 45.0 45.0 45.0 45.0 45.0 45.0 45.0 45.0 45.0 45.0 45.0 45.0 45.0 45.0 45.0 45.0 45.0 45.0 45.0 45.0 45.0 45.0 45.0 45.0 45.0 45.0 45.0 45.0 45.0 45.0 45.0 45.0 45.0 45.0 45.0 45.0 45.0 45.0 45.0 45.0 45.0 45.0 45.0 45.0 45.0 45.0 45.0 45.0 45.0 45.0 45.0 45.0 45.0 45.0 45.0 45.0
46 46.0 46.0 46.0 46.0 46.0 46.0 46.0 46.0 46.0 46.0 46.0 46.0 46.0 46.0 46.0 46.0 46.0 46.0 46.0 46.0 46.0 46.0 46.0 46.0 46.0 46.0 46.0 46.0 46.0 46.0 46.0 46.0 46.0 46.0 46.0 46.0 46.0 46.0 46.0 46.0 46.0 46.0 46.0 46.0 46.0 46.0 46.0 46.0 46.0 46.0 46.0 46.0 46.0 46.0 46.0 46.0 46.0 46.0 46.0 46.0 46.0 46.0 46.0 46.0 46.0 46.0 46.0 46.0 46.0 46.0 46.0 46.0 46.0 46.0 46.0 46.0 46.0 46.0 46.0 46.0 46.0 46.0 46.0 46.0 46.0 46.0 46.0 46.0 46.0 46.0 46.0 46.0 46.0 46.0 46.0 46.0 46.0 46.0 46.0
47 47.0 47.0 47.0 47.0 47.0 47.0 47.0 47.0 47.0 47.0 47.0 47.0 47.0 47.0 47.0 47.0 47.0 47.0 47.0 47.0 47.0 47.0 47.0 47.0 47.0 47.0 47.0 47.0 47.0 47.0 47.0 47.0 47.0 47.0 47.0 47.0 47.0 47.0 47.0 47.0 47.0 47.0 47.0 47.0 47.0 47.0 47.0 47.0 47.0 47.0 47.0 47.0 47.0 47.0 47.0 47.0 47.0 47.0 47.0 47.0 47.0 47.0 47.0 47.0 47.0 47.0 47.0 47.0 47.0 47.0 47.0 47.0 47.0 47.0 47.0 47.0 47.0 47.0 47.0 47.0 47.0 47.0 47.0 47.0 47.0 47.0 47.0 47.0 47.0 47.0 47.0 47.0 47.0 47.0 47.0 47.0 47.0 47.0 47.0
48 48.0 48.0 48.0 48.0 48.0 48.0 48.0 48.0 48.0 48.0 48.0 48.0 48.0 48.0 48.0 48.0 48.0 48.0 48.0 48.0 48.0 48.0 48.0 48.0 48.0 48.0 48.0 48.0 48.0 48.0 48.0 48.0 48.0 48.0 48.0 48.0 48.0 48.0 48.0 48.0 48.0 48.0 48.0 48.0 48.0 48.0 48.0 48.0 48.0 48.0 48.0 48.0 48.0 48.0 48.0 48.0 48.0 48.0 48.0 48.0 48.0 48.0 48.0 48.0 48.0 48.0 48.0 48.0 48.0 48.0 48.0 48.0 48.0 48.0 48.0 48.0 48.0 48.0 48.0 48.0 48.0 48.0 48.0 48.0 48.0 48.0 48.0 48.0 48.0 48.0 48.0 48.0 48.0 48.0 48.0 48.0 48.0 48.0 48.0
49 49.0 49.0 49.0 49.0 49.0 49.0 49.0 49.0 49.0 49.0 49.0 49.0 49.0 49.0 49.0 49.0 49.0 49.0 49.0 49.0 49.0 49.0 49.0 49.0 49.0 49.0 49.0 49.0 49.0 49.0 49.0 49.0 49.0 49.0 49.0 49.0 49.0 49.0 49.0 49.0 49.0 49.0 49.0 49.0 49.0 49.0 49.0 49.0 49.0 49.0 49.0 49.0 49.0 49.0 49.0 49.0 49.0 49.0 49.0 49.0 49.0 49.0 49.0 49.0 49.0 49.0 49.0 49.0 49.0 49.0 49.0 49.0 49.0 49.0 49.0 49.0 49.0 49.0 49.0 49.0 49.0 49.0 49.0 49.0 49.0 49.0 49.0 49.0 49.0 49.0 49.0 49.0 49.0 49.0 49.0 49.0 49.0 49.0 49.0
50 50.0 50.0 50.0 50.0 50.0 50.0 50.0 50.0 50.0 50.0 50.0 50.0 50.0 50.0 50.0 50.0 50.0 50.0 50.0 50.0 50.0 50.0 50.0 50.0 50.0 50.0 50.0 50.0 50.0 50.0 50.0 50.0 50.0 50.0 50.0 50.0 50.0 50.0 50.0 50.0 50.0 50.0 50.0 50.0 50.0 50.0 50.0 50.0 50.0 50.0 50.0 50.0 50.0 50.0 50.0 50.0 50.0 50.0 50.0 50.0 50.0 50.0 50.0 50.0 50.0 50.0 50.0 50.0 50.0 50.0 50.0 50.0 50.0 50.0 50.0 50.0 50.0 50.0 50.0 50.0 50.0 50.0 50.0 50.0 50.0 50.0 50.0 50.0 50.0 50.0 50.0 50.0 50.0 50.0 50.0 50.0 50.0 50.0 50.0
51 51.05822001563679 51.05233897477111 51.04735833121905 51.04228947749264 51.04000838894064 51.03838700169371 51.035473389493674 51.03372158231114 51.03258601336063 51.032512114911796 51.03134939446256 51.02880015674307 51.02890496623289 51.02800701041643 51.02602976890843 51.02459616155727 51.024460952435525 51.02510130965969 51.02611098602487 51.02448651471534 51.02247206356897 51.02177433821107 51.021866656140986 51.021521479708746 51.020193653909985 51.020173067990754 51.01796961212981 51.01713520928683 51.01669058190581 51.01536643347809 51.01624932619211 51.015482219997146 51.01644330009776 51.01656813382228 51.013756753957054 51.01158684432499 51.010590359958655 51.01103608027212 51.00946336454375 51.009873153818106 51.009588432141555 51.008795035882365 51.010019612980436 51.00873666547198 51.005825250339356 51.00635133448401 51.00719692437449 51.00490467282823 51.004991159207655 51.00406603214348 51.00232153516496 51.00291653206216 51.002573828225735 51.00243155417766 51.00228534739939 51.00076648698838 50.99963142935178 50.99984775482232 50.9989833088989 50.99696745176566 50.99845687524512 50.99992534353159 50.99807625535332 50.99763286273133 50.998291932049646 50.9982177146919 50.99837871351764 50.997568936633634 50.99538308947406 50.99464987999707 50.99496615805897 50.99612278915931 50.996910951288136 50.99703099619782 50.99655985892786 50.99443206930537 50.99443451137567 50.99477985539447 50.99251779707906 50.99173036953676 50.99098443655115 50.989165328005555 50.98910814057345 50.98936392722667 50.98860300180593 50.98810209457509 50.98812521376274 50.98786644760708 50.988235937964276 50.98606165967311 50.98392558525802 50.98369752483244 50.983473434074995 50.98336289029785 50.98292990307846 50.981260764958826 50.98032484424339 50.97838590805469 50.97405909161155
52 52.116440031273584 52.104677949542214 52.0947166624381 52.084578954985275 52.08001677788128 52.07677400338741 52.070946778987356 52.06744316462228 52.06517202672126 52.0650242298236 52.06269878892511 52.057600313486134 52.05780993246579 52.05601402083286 52.05205953781687 52.04919232311454 52.048921904871044 52.05020261931937 52.052221972049736 52.04897302943069 52.04494412713794 52.04354867642214 52.04373331228197 52.04304295941749 52.04038730781996 52.040346135981515 52.03593922425962 52.03427041857365 52.033381163811626 52.030732866956185 52.03249865238422 52.03096443999429 52.032886600195525 52.033136267644565 52.0275135079141 52.02317368864998 52.02118071991731 52.02207216054424 52.0189267290875 52.019746307636204 52.01917686428312 52.01759007176473 52.02003922596087 52.01747333094395 52.01165050067872 52.012702668968025 52.01439384874898 52.009809345656464 52.00998231841531 52.008132064286954 52.00464307032992 52.00583306412431 52.00514765645147 52.00486310835532 52.00457069479879 52.001532973976765 51.99926285870356 51.999695509644646 51.99796661779779 51.993934903531326 51.996913750490236 51.99985068706317 51.99615251070664 51.99526572546266 51.99658386409929 51.99643542938379 51.996757427035284 51.99513787326727 51.99076617894812 51.98929975999415 51.989932316117944 51.99224557831862 51.99382190257627 51.994061992395636 51.99311971785571 51.988864138610744 51.98886902275135 51.98955971078894 51.98503559415811 51.98346073907352 51.98196887310231 51.9783306560111 51.97821628114689 51.97872785445334 51.977206003611855 51.97620418915018 51.97625042752549 51.975732895214165 51.976471875928546 51.972123319346224 51.967851170516035 51.96739504966489 51.96694686814999 51.9667257805957 51.965859806156914 51.962521529917645 51.96064968848679 51.95677181610939 51.94811818322311
53 53.174660046910375 53.157016924313325 53.142074993657154 53.12686843247792 53.12002516682192 53.11516100508112 53.10642016848103 53.10116474693342 53.09775804008188 53.097536344735396 53.09404818338767 53.086400470229194 53.08671489869868 53.08402103124929 53.078089306725296 53.0737884846718 53.07338285730657 53.07530392897906 53.078332958074604 53.07345954414603 53.06741619070691 53.06532301463321 53.065599968422966 53.06456443912624 53.06058096172995 53.06051920397227 53.05390883638944 53.051405627860476 53.050071745717446 53.04609930043428 53.04874797857633 53.04644665999144 53.04932990029328 53.04970440146684 53.041270261871155 53.03476053297497 53.03177107987597 53.03310824081636 53.02839009363125 53.02961946145431 53.02876529642467 53.0263851076471 53.030058838941315 53.02620999641593 53.017475751018075 53.019054003452034 53.02159077312347 53.014714018484696 53.01497347762296 53.01219809643043 53.006964605494886 53.00874959618647 53.007721484677205 53.007294662532985 53.00685604219819 53.00229946096515 52.99889428805534 52.999543264466965 52.99694992669669 52.990902355296996 52.995370625735355 52.99977603059477 52.99422876605996 52.99289858819399 52.99487579614894 52.994653144075684 52.99513614055292 52.9927068099009 52.98614926842218 52.983949639991216 52.98489847417692 52.988368367477925 52.99073285386441 52.99109298859346 52.98967957678357 52.98329620791611 52.983303534127025 52.98433956618341 52.97755339123717 52.97519110861028 52.97295330965346 52.96749598401666 52.96732442172034 52.96809178168001 52.96580900541778 52.96430628372527 52.964375641288235 52.963599342821254 52.964707813892815 52.958184979019336 52.951776755774056 52.95109257449732 52.950420302224984 52.95008867089355 52.94878970923537 52.94378229487647 52.94097453273018 52.93515772416408 52.92217727483466
54 54.23288006254717 54.209355899084436 54.189433324876205 54.16915790997056 54.16003355576256 54.15354800677483 54.141893557974704 54.13488632924456 54.130344053442506 54.1300484596472 54.12539757785022 54.11520062697226 54.115619864931574 54.112028041665724 54.104119075633726 54.09838464622907 54.097843809742095 54.10040523863874 54.10444394409947 54.09794605886138 54.08988825427587 54.08709735284428 54.08746662456395 54.08608591883498 54.080774615639925 54.080692271963024 54.07187844851925 54.068540837147296 54.06676232762326 54.06146573391238 54.06499730476844 54.061928879988585 54.06577320039104 54.06627253528912 54.05502701582821 54.04634737729996 54.04236143983463 54.04414432108848 54.037853458175 54.03949261527241 54.038353728566236 54.035180143529466 54.04007845192175 54.03494666188791 54.02330100135743 54.02540533793604 54.02878769749796 54.01961869131293 54.019964636830615 54.01626412857391 54.009286140659846 54.01166612824863 54.01029531290295 54.009726216710646 54.00914138959758 54.00306594795353 53.99852571740713 53.99939101928929 53.995933235595594 53.98786980706266 53.993827500980466 53.99970137412635 53.99230502141328 53.99053145092532 53.993167728198586 53.992870858767574 53.99351485407057 53.990275746534536 53.98153235789624 53.978599519988286 53.979864632235895 53.98449115663724 53.987643805152544 53.98812398479128 53.986239435711425 53.97772827722149 53.977738045502704 53.97911942157788 53.970071188316226 53.96692147814704 53.963937746204614 53.95666131202221 53.956432562293784 53.95745570890668 53.95441200722371 53.95240837830036 53.952500855050985 53.95146579042834 53.95294375185709 53.94424663869245 53.93570234103207 53.93479009932977 53.93389373629997 53.9334515611914 53.931719612313834 53.92504305983529 53.92129937697358 53.913543632218776 53.89623636644622
55 55.29110007818396 55.26169487385554 55.23679165609526 55.211447387463195 55.2000419447032 55.19193500846853 55.177366947468386 55.168607911555696 55.162930066803135 55.162560574558995 55.15674697231278 55.14400078371533 55.14452483116447 55.14003505208216 55.13014884454216 55.12298080778634 55.12230476217761 55.12550654829843 55.13055493012434 55.122432573576724 55.11236031784484 55.10887169105535 55.10933328070494 55.10760739854373 55.10096826954991 55.100865339953785 55.08984806064906 55.08567604643412 55.08345290952907 55.07683216739047 55.08124663096055 55.077411099985724 55.082216500488805 55.082840669111405 55.068783769785256 55.05793422162495 55.052951799793284 55.0551804013606 55.04731682271875 55.049365769090514 55.04794216070779 55.04397517941183 55.05009806490219 55.04368332735989 55.029126251696795 55.03175667242006 55.035984621872444 55.02452336414116 55.02495579603827 55.020330160717386 55.011607675824806 55.01458266031078 55.01286914112868 55.01215777088831 55.011426736996974 55.003832434941906 54.998157146758906 54.99923877411161 54.99491654449449 54.98483725882832 54.992284376225584 54.99962671765794 54.9903812767666 54.988164313656654 54.99145966024823 54.99108857345947 54.99189356758821 54.98784468316817 54.9769154473703 54.973249399985356 54.97483079029487 54.98061394579655 54.98455475644068 54.985154980989094 54.982799294639285 54.972160346526856 54.97217255687838 54.97389927697235 54.962588985395286 54.958651847683804 54.954922182755766 54.94582664002777 54.945540702867234 54.94681963613334 54.94301500902964 54.94051047287546 54.94062606881373 54.93933223803542 54.94117968982137 54.93030829836556 54.91962792629009 54.91848762416221 54.917367170374966 54.91681445148925 54.91464951539229 54.906303824794115 54.90162422121697 54.891929540273466 54.87029545805777
56 56.349320093820744 56.31403384862665 56.28414998731431 56.25373686495583 56.24005033364384 56.23032201016224 56.21284033696206 56.20232949386684 56.195516080163756 56.19507268947079 56.18809636677533 56.172800940458394 56.17342979739736 56.16804206249859 56.15617861345059 56.1475769693436 56.14676571461314 56.15060785795812 56.15666591614921 56.14691908829207 56.13483238141381 56.13064602926642 56.131199936845924 56.12912887825247 56.121161923459894 56.12103840794454 56.10781767277887 56.102811255720944 56.100143491434885 56.092198600868564 56.09749595715266 56.09289331998287 56.09865980058657 56.09940880293369 56.08254052374231 56.06952106594994 56.06354215975194 56.06621648163272 56.0567801872625 56.05923892290862 56.05753059284935 56.052770215294196 56.06011767788262 56.05241999283186 56.03495150203615 56.03810800690407 56.04318154624694 56.02942803696939 56.029946955245926 56.02439619286086 56.013929210989765 56.01749919237294 56.01544296935442 56.01458932506597 56.01371208439637 56.00459892193029 55.997788576110686 55.99908652893394 55.99389985339339 55.981804710593984 55.9907412514707 55.999552061189526 55.98845753211992 55.98579717638798 55.98975159229788 55.98930628815136 55.990272281105845 55.985413619801804 55.97229853684436 55.96789927998243 55.969796948353846 55.97673673495586 55.981465707728816 55.982185977186916 55.979359153567145 55.966592415832224 55.966607068254056 55.968679132366816 55.95510678247434 55.950382217220564 55.945906619306925 55.934991968033316 55.93464884344068 55.93618356336001 55.931618010835564 55.92861256745054 55.92875128257647 55.9271986856425 55.92941562778564 55.91636995803867 55.90355351154811 55.902185148994654 55.90084060444996 55.9001773417871 55.89757941847075 55.887564589752934 55.88194906546036 55.87031544832816 55.844354549669326
57 57.407540109457535 57.36637282339776 57.331508318533366 57.29602634244847 57.280058722584485 57.26870901185595 57.248313726455734 57.23605107617798 57.228102093524384 57.227584804382595 57.21944576123789 57.20160109720146 57.202334763630255 57.196049072915024 57.18220838235902 57.17217313090087 57.171226667048664 57.1757091676178 57.182776902174076 57.171405603007415 57.15730444498278 57.15242036747749 57.15306659298692 57.150650357961226 57.14135557736987 57.14121147593529 57.12578728490868 57.11994646500777 57.1168340733407 57.107565034346656 57.11374528334477 57.10837553998002 57.11510310068433 57.11597693675596 57.096297277699364 57.08110791027493 57.074132519710595 57.07725256190484 57.066243551806245 57.06911207672672 57.06711902499091 57.06156525117656 57.07013729086306 57.06115665830384 57.04077675237551 57.04445934138808 57.050378470621425 57.034332709797624 57.03493811445358 57.02846222500434 57.016250746154725 57.0204157244351 57.01801679758015 57.01702087924363 57.01599743179576 57.00536540891867 56.997420005462466 56.998934283756256 56.99288316229229 56.97877216235965 56.98919812671582 56.99947740472111 56.986533787473235 56.98343003911931 56.98804352434753 56.98752400284326 56.98865099462349 56.98298255643544 56.967681626318424 56.9625491599795 56.96476310641282 56.972859524115165 56.97837665901696 56.97921697338474 56.975919012495 56.9610244851376 56.96104157962973 56.963458987761285 56.9476245795534 56.942112586757325 56.93689105585808 56.92415729603887 56.923756984014126 56.92554749058668 56.92022101264149 56.91671466202564 56.91687649633922 56.915065133249584 56.917651565749914 56.902431617711784 56.887479096806125 56.88588267382709 56.884314038524955 56.88354023208495 56.880509321549205 56.86882535471176 56.86227390970376 56.848701356382854 56.81841364128088
58 58.46576012509433 58.418711798168864 58.37886664975241 58.338315819941116 58.32006711152513 58.30709601354965 58.28378711594941 58.26977265848912 58.26068810688501 58.26009691929439 58.250795155700445 58.23040125394452 58.23123972986315 58.224056083331455 58.20823815126745 58.19676929245814 58.19568761948419 58.20081047727749 58.208887888198944 58.195892117722764 58.17977650855175 58.17419470568856 58.1749332491279 58.172171837669964 58.16154923127986 58.16138454392605 58.1437568970385 58.13708167429459 58.13352465524651 58.12293146782475 58.12999460953688 58.12385775997716 58.131546400782085 58.132545070578246 58.11005403165642 58.09269475459992 58.08472287966926 58.08828864217696 58.07570691635 58.07898523054482 58.07670745713247 58.070360287058925 58.0801569038435 58.069893323775815 58.04660200271486 58.05081067587209 58.057575394995915 58.039237382625856 58.03992927366123 58.03252825714782 58.01857228131969 58.023332256497255 58.02059062580589 58.01945243342129 58.01828277919516 58.00613189590705 57.997051434814246 57.99878203857858 57.99186647119118 57.97573961412532 57.98765500196094 57.999402748252706 57.98461004282655 57.98106290185064 57.98633545639718 57.98574171753515 57.98702970814113 57.98055149306907 57.963064715792484 57.95719903997657 57.95972926447179 57.96898231327447 57.975287610305095 57.97624796958255 57.97247887142286 57.95545655444297 57.95547609100541 57.958238843155755 57.94014237663245 57.933842956294086 57.92787549240923 57.913322624044426 57.91286512458757 57.91491141781335 57.90882401444742 57.90481675660073 57.90500171010196 57.902931580856674 57.90588750371418 57.888493277384896 57.871404682064146 57.869580198659534 57.86778747259995 57.8669031223828 57.86343922462766 57.85008611967058 57.84259875394715 57.827087264437544 57.792472732892435
59 59.52398014073112 59.471050772939975 59.42622498097147 59.38060529743375 59.36007550046577 59.34548301524336 59.31926050544309 59.30349424080026 59.29327412024564 59.29260903420619 59.282144550163004 59.25920141068759 59.26014469609604 59.252063093747886 59.23426792017589 59.22136545401541 59.22014857191971 59.225911786937175 59.23499887422381 59.220378632438106 59.20224857212071 59.19596904389963 59.19679990526889 59.19369331737872 59.181742885189834 59.18155761191681 59.16172650916831 59.15421688358142 59.150215237152324 59.13829790130284 59.14624393572899 59.13933997997431 59.14798970087985 59.14911320440053 59.123810785613465 59.10428159892491 59.09531323962791 59.09932472244908 59.08517028089375 59.08885838436292 59.08629588927403 59.07915532294129 59.09017651682394 59.07862998924779 59.052427253054226 59.0571620103561 59.064772319370405 59.04414205545409 59.044920432868885 59.036594289291294 59.02089381648465 59.026248788559414 59.02316445403162 59.021883987598954 59.020568126594554 59.006898382895436 58.99668286416603 58.9986297934009 58.99084978009008 58.97270706589098 58.986111877206056 58.99932809178429 58.98268629817987 58.97869576458197 58.984627388446825 58.983959432227046 58.985408421658775 58.978120429702706 58.958447805266545 58.95184891997364 58.95469542253076 58.96510510243378 58.97219856159323 58.97327896578037 58.96903873035071 58.949888623748336 58.94991060238108 58.953018698550224 58.93266017371151 58.92557332583084 58.91885992896039 58.90248795204998 58.90197326516102 58.90427534504002 58.897427016253346 58.89291885117582 58.89312692386471 58.890798028463756 58.89412344167846 58.87455493705801 58.85533026732216 58.85327772349198 58.851260906674945 58.85026601268065 58.84636912770612 58.831346884629404 58.82292359819054 58.80547317249224 58.766531824503986
60 60.58220015636791 60.523389747711086 60.47358331219052 60.42289477492639 60.4000838894064 60.38387001693707 60.354733894936764 60.3372158231114 60.32586013360627 60.32512114911799 60.31349394462556 60.288001567430655 60.289049662328935 60.28007010416432 60.26029768908432 60.245961615572675 60.24460952435523 60.251013096596864 60.26110986024868 60.24486514715345 60.22472063568968 60.217743382110704 60.218666561409876 60.21521479708746 60.20193653909982 60.20173067990756 60.17969612129812 60.17135209286825 60.166905819058144 60.15366433478094 60.1624932619211 60.154822199971456 60.16443300097761 60.16568133822281 60.13756753957052 60.1158684432499 60.10590359958657 60.1103608027212 60.0946336454375 60.09873153818103 60.09588432141559 60.08795035882366 60.100196129804374 60.087366654719766 60.05825250339358 60.06351334484012 60.071969243744896 60.04904672828232 60.04991159207654 60.04066032143477 60.02321535164961 60.029165320621566 60.025738282257365 60.024315541776616 60.02285347399395 60.00766486988382 59.99631429351781 59.99847754822323 59.98983308898897 59.96967451765664 59.984568752451175 59.99925343531588 59.9807625535332 59.9763286273133 59.98291932049647 59.98217714691894 59.983787135176414 59.97568936633634 59.953830894740605 59.94649879997072 59.94966158058973 59.9612278915931 59.96910951288137 59.970309961978195 59.96559858927857 59.94432069305371 59.94434511375676 59.947798553944686 59.925177970790564 59.91730369536761 59.90984436551154 59.89165328005553 59.89108140573447 59.89363927226669 59.88603001805927 59.88102094575091 59.881252137627456 59.87866447607084 59.88235937964273 59.86061659673112 59.83925585258018 59.83697524832442 59.83473434074993 59.833628902978504 59.82929903078458 59.81260764958823 59.80324844243394 59.78385908054693 59.740590916115536
61 61.6404201720047 61.57572872248219 61.52094164340957 61.46518425241903 61.440092278347045 61.42225701863077 61.390207284430446 61.37093740542254 61.35844614696689 61.357633264029786 61.344843339088115 61.316801724173715 61.31795462856183 61.308077114580755 61.286327457992755 61.270557777129945 61.26907047679076 61.27611440625655 61.28722084627355 61.2693516618688 61.24719269925865 61.23951772032177 61.24053321755086 61.23673627679621 61.222130193009804 61.221903747898324 61.19766573342793 61.18848730215507 61.18359640096396 61.169030768259034 61.17874258811321 61.1703044199686 61.18087630107537 61.182249472045086 61.151324293527566 61.12745528757489 61.116493959545224 61.121396882993324 61.104097009981245 61.108604691999126 61.105472753557144 61.096745394706026 61.11021574278481 61.096103320191745 61.064077753732946 61.06986467932413 61.079166168119386 61.05395140111055 61.054902751284196 61.04472635357824 61.02553688681458 61.032081852683724 61.0283121104831 61.02674709595428 61.02513882139334 61.0084313568722 60.99594572286959 60.99832530304555 60.988816397887874 60.966641969422305 60.98302562769629 60.999178778847465 60.978838808886515 60.97396149004463 60.98121125254612 60.98039486161083 60.98216584869405 60.973258302969974 60.949213984214666 60.94114867996779 60.94462773864871 60.957350680752405 60.9660204641695 60.96734095817601 60.962158448206424 60.93875276235908 60.93877962513243 60.942578409339156 60.917695767869624 60.90903406490436 60.90082880206269 60.880818608061084 60.88018954630791 60.88300319949336 60.8746330198652 60.869123040326 60.8693773513902 60.86653092367793 60.870595317607 60.84667825640423 60.8231814378382 60.82067277315686 60.81820777482493 60.81699179327635 60.81222893386304 60.79386841454705 60.78357328667733 60.76224498860162 60.714650007727094
62 62.698640187641494 62.6280676972533 62.56829997462862 62.507473729911666 62.48010066728769 62.46064402032448 62.42568067392412 62.40465898773368 62.39103216032752 62.39014537894158 62.376192733550674 62.34560188091678 62.34685959479472 62.336084124997186 62.312357226901185 62.295153938687214 62.29353142922628 62.30121571591624 62.31333183229842 62.29383817658414 62.26966476282762 62.261292058532845 62.262399873691855 62.25825775650495 62.24232384691978 62.24207681588908 62.21563534555774 62.205622511441895 62.20028698286977 62.18439720173713 62.19499191430532 62.18578663996575 62.197319601173135 62.19881760586737 62.16508104748462 62.139042131899885 62.12708431950388 62.132432963265444 62.113560374524994 62.11847784581723 62.11506118569871 62.10554043058839 62.120235355765246 62.104839985663716 62.0699030040723 62.076216013808136 62.086363092493876 62.058856073938784 62.05989391049185 62.048792385721725 62.02785842197953 62.034998384745876 62.030885938708835 62.02917865013194 62.027424168792734 62.009197843860576 61.99557715222137 61.998173057867874 61.987799706786774 61.96360942118797 61.981482502941404 61.99910412237905 61.97691506423983 61.971594352775966 61.979503184595764 61.97861257630273 61.9805445622117 61.97082723960361 61.944597073688726 61.93579855996486 61.939593896707684 61.953473469911714 61.96293141545764 61.96437195437383 61.95871830713428 61.933184831664455 61.93321413650811 61.937358264733625 61.91021356494868 61.90076443444112 61.89181323861385 61.86998393606664 61.86929768688135 61.87236712672002 61.86323602167113 61.85722513490109 61.85750256515295 61.854397371285 61.858831255571275 61.832739916077344 61.807107023096215 61.8043702979893 61.80168120889992 61.8003546835742 61.795158836941496 61.77512917950587 61.76389813092073 61.74063089665632 61.688709099338645
63 63.75686020327828 63.68040667202441 63.615658305847674 63.54976320740431 63.52010905622833 63.49903102201819 63.461154063417794 63.43838057004482 63.42361817368815 63.422657493853386 63.40754212801323 63.37440203765985 63.375764561027616 63.36409113541362 63.338386995809614 63.31975010024448 63.3179923816618 63.326317025575925 63.339442818323285 63.31832469129949 63.292136826396586 63.28306639674391 63.28426652983284 63.2797792362137 63.262517500829766 63.26224988387983 63.23360495768756 63.22275772072872 63.21697756477558 63.19976363521522 63.21124124049743 63.201268859962894 63.2137629012709 63.21538573968965 63.178837801441674 63.15062897622487 63.137674679462535 63.143469043537564 63.12302373906874 63.12835099963533 63.12464961784026 63.114335466470756 63.13025496874569 63.113576651135695 63.07572825441166 63.082567348292145 63.093560016868366 63.06376074676702 63.0648850696995 63.052858417865195 63.0301799571445 63.037914916808035 63.03345976693457 63.0316102043096 63.02970951619213 63.00996433084896 62.99520858157315 62.99802081269019 62.98678301568567 62.96057687295364 62.97993937818652 62.99902946591064 62.97499131959315 62.96922721550729 62.97779511664541 62.97683029099463 62.97892327572934 62.96839617623724 62.93998016316279 62.930448439961935 62.934560054766656 62.94959625907102 62.959842366745775 62.96140295057165 62.95527816606214 62.927616900969824 62.927648647883785 62.932138120128094 62.90273136202774 62.89249480397788 62.882797675165 62.85914926407219 62.8584058274548 62.8617310539467 62.851839023477055 62.84532722947618 62.8456277789157 62.84226381889209 62.84706719353555 62.818801575750456 62.791032608354236 62.788067822821745 62.785154642974916 62.78371757387205 62.77808874001995 62.75638994446469 62.74422297516412 62.71901680471101 62.6627681909502
64 64.81508021891507 64.73274564679552 64.66301663706673 64.59205268489694 64.56011744516897 64.5374180237119 64.49662745291147 64.47210215235596 64.45620418704877 64.45516960876519 64.43889152247579 64.40320219440292 64.40466952726051 64.39209814583005 64.36441676471804 64.34434626180175 64.34245333409733 64.3514183352356 64.36555380434815 64.34281120601483 64.31460888996556 64.30484073495498 64.30613318597383 64.30130071592245 64.28271115473974 64.28242295187059 64.25157456981736 64.23989293001554 64.2336681466814 64.21513006869331 64.22749056668954 64.21675107996003 64.23020620136866 64.23195387351193 64.19259455539873 64.16221582054986 64.14826503942119 64.15450512380968 64.13248710361249 64.13822415345344 64.13423804998182 64.12313050235312 64.14027458172612 64.12231331660767 64.08155350475101 64.08891868277615 64.10075694124285 64.06866541959525 64.06987622890716 64.05692445000868 64.03250149230945 64.0408314488702 64.0360335951603 64.03404175848726 64.03199486359152 64.01073081783734 63.99484001092493 63.99786856751252 63.98576632458457 63.9575443247193 63.97839625343164 63.99895480944223 63.97306757494647 63.966860078238625 63.97608704869506 63.97504800568652 63.97730198924698 63.965965112870876 63.93536325263685 63.925098319959005 63.92952621282563 63.94571904823033 63.95675331803391 63.95843394676947 63.951838024989996 63.9220489702752 63.922083159259465 63.926917975522564 63.89524915910679 63.88422517351464 63.87378211171615 63.84831459207774 63.84751396802825 63.85109498117336 63.84044202528298 63.833429324051274 63.83375299267844 63.830130266499175 63.83530313149982 63.80486323542357 63.77495819361225 63.77176534765419 63.76862807704991 63.7670804641699 63.76101864309841 63.73765070942352 63.72454781940752 63.69740271276571 63.636827282561754
65 65.87330023455186 65.78508462156663 65.71037496828578 65.63434216238959 65.6001258341096 65.5758050254056 65.53210084240516 65.5058237346671 65.4887902004094 65.48768172367699 65.47024091693834 65.43200235114598 65.4335744934934 65.42010515624648 65.39044653362647 65.36894242335902 65.36691428653285 65.3765196448953 65.39166479037303 65.36729772073018 65.33708095353452 65.32661507316605 65.32799984211482 65.32282219563119 65.30290480864973 65.30259601986134 65.26954418194718 65.25702813930236 65.25035872858722 65.2304965021714 65.24373989288165 65.23223329995719 65.24664950146642 65.24852200733422 65.20635130935578 65.17380266487486 65.15885539937986 65.1655412040818 65.14195046815624 65.14809730727154 65.14382648212339 65.13192553823549 65.15029419470656 65.13104998207965 65.08737875509037 65.09527001726018 65.10795386561735 65.07357009242348 65.07486738811481 65.06099048215215 65.03482302747442 65.04374798093235 65.03860742338604 65.03647331266492 65.03428021099091 65.01149730482572 64.99447144027671 64.99771632233484 64.98474963348346 64.95451177648496 64.97685312867677 64.99888015297381 64.9711438302998 64.96449294096995 64.9743789807447 64.97326572037841 64.97568070276462 64.96353404950452 64.93074634211091 64.91974819995608 64.92449237088461 64.94184183738965 64.95366426932205 64.9554649429673 64.94839788391785 64.91648103958056 64.91651767063514 64.92169783091703 64.88776695618584 64.8759555430514 64.86476654826731 64.8374799200833 64.83662210860169 64.84045890840004 64.82904502708891 64.82153141862636 64.82187820644118 64.81799671410626 64.82353906946409 64.79092489509668 64.75888377887027 64.75546287248663 64.7521015111249 64.75044335446775 64.74394854617687 64.71891147438234 64.7048726636509 64.6757886208204 64.6108863741733
66 66.93152025018865 66.83742359633773 66.75773329950482 66.67663163988223 66.64013422305025 66.6141920270993 66.56757423189882 66.53954531697823 66.52137621377003 66.52019383858878 66.50159031140089 66.46080250788904 66.4624794597263 66.44811216666291 66.4164763025349 66.39353858491629 66.39137523896838 66.40162095455499 66.41777577639789 66.39178423544553 66.3595530171035 66.34838941137713 66.3498664982558 66.34434367533993 66.32309846255971 66.3227690878521 66.287513794077 66.27416334858918 66.26704931049302 66.2458629356495 66.25998921907376 66.24771551995433 66.26309280156417 66.26509014115649 66.22010806331284 66.18538950919984 66.16944575933852 66.17657728435393 66.1514138327 66.15797046108965 66.15341491426494 66.14072057411785 66.160313807687 66.13978664755163 66.09320400542973 66.10162135174419 66.11515078999183 66.07847476525171 66.07985854732246 66.06505651429563 66.03714456263938 66.04666451299451 66.04118125161177 66.03890486684259 66.03656555839032 66.0122637918141 65.99410286962849 65.99756407715716 65.98373294238236 65.95147922825063 65.97531000392188 65.99880549650541 65.9692200856531 65.96212580370128 65.97267091279436 65.9714834350703 65.97405941628226 65.96110298613814 65.92612943158497 65.91439807995314 65.91945852894358 65.93796462654895 65.95057522061019 65.9524959391651 65.94495774284572 65.91091310888594 65.91095218201082 65.91647768631151 65.8802847532649 65.86768591258817 65.85575098481846 65.82664524808885 65.82573024917514 65.8298228356267 65.81764802889484 65.80963351320146 65.81000342020393 65.80586316171335 65.81177500742837 65.77698655476979 65.74280936412829 65.73916039731907 65.7355749451999 65.7338062447656 65.72687844925532 65.70017223934116 65.6851975078943 65.65417452887509 65.58494546578487
67 67.98974026582545 67.88976257110885 67.80509163072388 67.71892111737486 67.68014261199089 67.65257902879301 67.6030476213925 67.57326689928938 67.55396222713065 67.55270595350058 67.53293970586346 67.48960266463212 67.49138442595918 67.47611917707934 67.44250607144335 67.41813474647356 67.4158361914039 67.42672226421467 67.44388676242275 67.41627075016086 67.38202508067246 67.37016374958819 67.3717331543968 67.36586515504868 67.34329211646968 67.34294215584286 67.3054834062068 67.29129855787602 67.28373989239884 67.26122936912759 67.27623854526587 67.26319773995147 67.27953610166193 67.28165827497878 67.23386481726988 67.19697635352483 67.18003611929717 67.18761336462605 67.16087719724374 67.16784361490775 67.1630033464065 67.14951561000022 67.17033342066743 67.1485233130236 67.0990292557691 67.1079726862282 67.12234771436633 67.08337943807994 67.08484970653012 67.0691225464391 67.03946609780434 67.04958104505667 67.04375507983751 67.04133642102025 67.0388509057897 67.01303027880249 66.99373429898029 66.99741183197949 66.98271625128126 66.94844668001629 66.97376687916699 66.99873084003698 66.96729634100643 66.9597586664326 66.970962844844 66.9697011497622 66.97243812979991 66.95867192277179 66.92151252105903 66.90904795995021 66.91442468700255 66.93408741570826 66.94748617189832 66.94952693536293 66.94151760177357 66.90534517819131 66.90538669338649 66.91125754170596 66.87280255034396 66.85941628212493 66.84673542136962 66.8158105760944 66.81483838974859 66.81918676285338 66.80625103070076 66.79773560777654 66.79812863396668 66.79372960932042 66.80001094539264 66.7630482144429 66.7267349493863 66.72285792215152 66.7190483792749 66.71716913506344 66.70980835233378 66.68143300429998 66.6655223521377 66.63256043692978 66.55900455739642
68 69.04796028146224 68.94210154587995 68.85244996194294 68.7612105948675 68.72015100093154 68.69096603048672 68.63852101088618 68.60698848160052 68.58654824049128 68.58521806841237 68.56428910032601 68.51840282137518 68.52028939219208 68.50412618749577 68.46853584035178 68.44273090803082 68.44029714383942 68.45182357387435 68.46999774844762 68.44075726487621 68.40449714424142 68.39193808779926 68.39359981053778 68.38738663475743 68.36348577037967 68.36311522383362 68.32345301833662 68.30843376716284 68.30043047430465 68.27659580260568 68.29248787145798 68.27867995994862 68.2959794017597 68.29822640880106 68.24762157122693 68.20856319784983 68.19062647925583 68.19864944489817 68.1703405617875 68.17771676872584 68.17259177854805 68.15831064588258 68.18035303364788 68.15725997849557 68.10485450610845 68.1143240207122 68.12954463874081 68.08828411090818 68.08984086573777 68.07318857858259 68.0417876329693 68.05249757711883 68.04632890806324 68.04376797519791 68.04113625318911 68.01379676579087 67.99336572833207 67.9972595868018 67.98169956018016 67.94541413178196 67.97222375441211 67.99865618356858 67.96537259635974 67.95739152916394 67.96925477689365 67.96791886445409 67.97081684331755 67.95624085940541 67.91689561053309 67.90369783994728 67.90939084506152 67.93021020486756 67.94439712318646 67.94655793156075 67.93807746070142 67.89977724749667 67.89982120476216 67.90603739710045 67.86532034742302 67.85114665166168 67.83771985792077 67.80497590409996 67.80394653032204 67.80855069008004 67.79485403250669 67.78583770235164 67.78625384772943 67.78159605692751 67.78824688335692 67.74910987411602 67.71066053464432 67.70655544698396 67.70252181334989 67.7005320253613 67.69273825541224 67.66269376925881 67.64584719638108 67.61094634498448 67.53306364900797
69 70.10618029709903 69.99444052065105 69.89980829316198 69.80350007236014 69.76015938987217 69.72935303218043 69.67399440037985 69.64071006391165 69.61913425385191 69.61773018332417 69.59563849478857 69.54720297811824 69.54919435842498 69.5321331979122 69.4945656092602 69.4673270695881 69.46475809627495 69.47692488353405 69.4961087344725 69.46524377959156 69.4269692078104 69.41371242601033 69.41546646667877 69.40890811446617 69.38367942428965 69.38328829182437 69.34142263046644 69.32556897644966 69.31712105621047 69.29196223608378 69.30873719765009 69.29416217994577 69.31242270185746 69.31479454262333 69.26137832518398 69.22015004217482 69.20121683921448 69.20968552517029 69.17980392633125 69.18758992254395 69.18218021068961 69.16710568176495 69.1903726466283 69.16599664396756 69.11067975644781 69.12067535519621 69.13674156311531 69.09318878373641 69.09483202494542 69.07725461072606 69.04410916813427 69.05541410918097 69.048902736289 69.04619952937557 69.0434216005885 69.01456325277925 68.99299715768385 68.99710734162413 68.98068286907906 68.94238158354761 68.97068062965722 68.99858152710017 68.96344885171307 68.95502439189528 68.96754670894329 68.966136579146 68.96919555683519 68.95380979603905 68.91227870000715 68.89834771994437 68.9043570031205 68.92633299402688 68.94130807447459 68.94358892775857 68.93463731962927 68.89420931680205 68.89425571613785 68.9008172524949 68.85783814450207 68.84287702119845 68.82870429447192 68.7941412321055 68.79305467089549 68.7979146173067 68.78345703431262 68.77393979692673 68.77437906149217 68.7694625045346 68.77648282132118 68.73517153378913 68.69458611990234 68.69025297181639 68.68599524742487 68.68389491565915 68.67566815849071 68.64395453421763 68.62617204062448 68.58933225303917 68.50712274061952
70 71.16440031273582 71.04677949542217 70.94716662438104 70.84578954985278 70.8001677788128 70.76774003387413 70.70946778987353 70.6744316462228 70.65172026721254 70.65024229823598 70.62698788925113 70.57600313486131 70.57809932465787 70.56014020832863 70.52059537816864 70.49192323114535 70.48921904871047 70.50202619319373 70.52221972049736 70.4897302943069 70.44944127137936 70.43548676422141 70.43733312281975 70.43042959417492 70.40387307819964 70.40346135981513 70.35939224259624 70.3427041857365 70.33381163811629 70.30732866956188 70.3249865238422 70.30964439994291 70.32886600195522 70.33136267644562 70.27513507914104 70.2317368864998 70.21180719917314 70.2207216054424 70.189267290875 70.19746307636206 70.19176864283118 70.17590071764732 70.20039225960875 70.17473330943953 70.11650500678716 70.12702668968024 70.14393848748979 70.09809345656464 70.09982318415308 70.08132064286954 70.04643070329922 70.05833064124313 70.05147656451473 70.04863108355323 70.0457069479879 70.01532973976764 69.99262858703563 69.99695509644646 69.97966617797795 69.93934903531328 69.96913750490235 69.99850687063176 69.9615251070664 69.9526572546266 69.96583864099294 69.96435429383789 69.96757427035283 69.95137873267268 69.90766178948121 69.89299759994144 69.89932316117947 69.9224557831862 69.93821902576273 69.94061992395639 69.93119717855714 69.88864138610742 69.88869022751352 69.89559710788937 69.85035594158113 69.83460739073521 69.81968873102308 69.78330656011106 69.78216281146894 69.78727854453338 69.77206003611855 69.76204189150182 69.76250427525491 69.75732895214168 69.76471875928546 69.72123319346224 69.67851170516036 69.67395049664884 69.66946868149986 69.66725780595701 69.65859806156917 69.62521529917646 69.60649688486788 69.56771816109386 69.48118183223107
71 72.22262032837261 72.09911847019328 71.99452495560008 71.88807902734541 71.84017616775346 71.80612703556784 71.7449411793672 71.70815322853394 71.68430628057315 71.68275441314778 71.65833728371368 71.60480329160437 71.60700429089076 71.58814721874506 71.54662514707707 71.51651939270262 71.51368000114599 71.52712750285342 71.54833070652222 71.51421680902224 71.47191333494833 71.45726110243248 71.45919977896074 71.45195107388366 71.42406673210962 71.4236344278059 71.37736185472606 71.35983939502331 71.3505022200221 71.32269510303996 71.34123585003431 71.32512661994005 71.34530930205298 71.3479308102679 71.28889183309809 71.2433237308248 71.22239755913179 71.23175768571453 71.19873065541874 71.20733623018015 71.20135707497273 71.18469575352968 71.21041187258919 71.1834699749115 71.12233025712652 71.13337802416424 71.15113541186429 71.10299812939287 71.10481434336073 71.08538667501301 71.04875223846419 71.06124717330529 71.05405039274046 71.0510626377309 71.04799229538729 71.01609622675602 70.9922600163874 70.99680285126877 70.97864948687685 70.93631648707895 70.96759438014746 70.99843221416334 70.9596013624197 70.95029011735794 70.96413057304258 70.96257200852978 70.96595298387047 70.94894766930632 70.90304487895527 70.88764747993851 70.89428931923845 70.9185785723455 70.93512997705086 70.9376509201542 70.927757037485 70.88307345541278 70.8831247388892 70.89037696328384 70.84287373866019 70.82633776027197 70.81067316757424 70.77247188811661 70.77127095204237 70.77664247176004 70.76066303792447 70.75014398607692 70.75062948901765 70.74519539974877 70.75295469724973 70.70729485313535 70.66243729041838 70.65764802148128 70.65294211557486 70.65062069625485 70.64152796464762 70.60647606413528 70.58682172911128 70.54610406914856 70.45524092384264
72 73.2808403440094 73.15145744496438 73.04188328681914 72.93036850483806 72.88018455669409 72.84451403726155 72.78041456886089 72.74187481084508 72.71689229393378 72.71526652805957 72.68968667817623 72.63360344834743 72.63590925712366 72.61615422916151 72.57265491598551 72.54111555425989 72.53814095358152 72.5522288125131 72.5744416925471 72.5387033237376 72.4943853985173 72.47903544064354 72.48106643510172 72.47347255359242 72.44426038601961 72.44380749579665 72.39533146685586 72.37697460431013 72.36719280192791 72.33806153651807 72.35748517622642 72.3406088399372 72.36175260215074 72.36449894409017 72.30264858705513 72.25491057514978 72.23298791909045 72.24279376598665 72.20819401996249 72.21720938399825 72.21094550711429 72.19349078941205 72.22043148556962 72.19220664038349 72.12815550746589 72.13972935864825 72.15833233623877 72.1079028022211 72.10980550256839 72.08945270715648 72.05107377362916 72.06416370536745 72.0566242209662 72.05349419190856 72.05027764278668 72.0168627137444 71.99189144573918 71.9966506060911 71.97763279577575 71.93328393884461 71.96605125539259 71.99835755769493 71.95767761777303 71.94792298008926 71.96242250509223 71.96078972322167 71.9643316973881 71.94651660593995 71.89842796842933 71.88229735993558 71.88925547729743 71.91470136150481 71.932040928339 71.93468191635202 71.92431689641285 71.87750552471816 71.87755925026487 71.88515681867831 71.83539153573925 71.81806812980872 71.80165760412538 71.76163721612217 71.76037909261582 71.76600639898672 71.7492660397304 71.738246080652 71.7387547027804 71.73306184735586 71.741190635214 71.69335651280846 71.6463628756764 71.64134554631372 71.63641554964985 71.6339835865527 71.62445786772608 71.5877368290941 71.56714657335466 71.52448997720325 71.42930001545419
73 74.3390603596462 74.2037964197355 74.08924161803819 73.9726579823307 73.92019294563474 73.88290103895525 73.81588795835457 73.77559639315622 73.74947830729441 73.74777864297137 73.72103607263878 73.6624036050905 73.66481422335656 73.64416123957793 73.59868468489393 73.56571171581716 73.56260190601704 73.57733012217278 73.60055267857197 73.56318983845293 73.51685746208626 73.50080977885462 73.50293309124271 73.49499403330115 73.46445403992959 73.4639805637874 73.41330107898568 73.39410981359697 73.38388338383373 73.35342796999616 73.37373450241853 73.35609105993434 73.3781959022485 73.38106707791246 73.31640534101219 73.26649741947477 73.2435782790491 73.25382984625877 73.21765738450624 73.22708253781636 73.22053393925586 73.20228582529441 73.23045109855006 73.20094330585546 73.13398075780525 73.14608069313226 73.16552926061325 73.11280747504934 73.11479666177604 73.09351873929997 73.05339530879411 73.06708023742961 73.05919804919193 73.05592574608622 73.05256299018608 73.01762920073278 72.99152287509096 72.99649836091342 72.97661610467465 72.93025139061028 72.9645081306377 72.99828290122652 72.95575387312634 72.9455558428206 72.96071443714189 72.95900743791356 72.96271041090576 72.94408554257359 72.89381105790339 72.87694723993265 72.8842216353564 72.91082415066411 72.92895187962714 72.93171291254984 72.92087675534071 72.87193759402354 72.87199376164054 72.87993667407278 72.82790933281831 72.80979849934549 72.79264204067654 72.75080254412772 72.74948723318927 72.75537032621338 72.73786904153633 72.72634817522709 72.72687991654315 72.72092829496293 72.72942657317827 72.67941817248158 72.63028846093441 72.62504307114617 72.61988898372485 72.61734647685054 72.60738777080454 72.56899759405292 72.54747141759806 72.50287588525794 72.40335910706574
74 75.39728037528299 75.2561353945066 75.13659994925725 75.01494745982333 74.96020133457537 74.92128804064896 74.85136134784824 74.80931797546737 74.78206432065504 74.78029075788317 74.75238546710135 74.69120376183356 74.69371918958944 74.67216824999437 74.62471445380237 74.59030787737443 74.58706285845255 74.60243143183249 74.62666366459683 74.58767635316828 74.53932952565523 74.52258411706569 74.52479974738371 74.5165155130099 74.48464769383956 74.48415363177816 74.43127069111549 74.41124502288379 74.40057396573954 74.36879440347425 74.38998382861064 74.3715732799315 74.39463920234627 74.39763521173474 74.33016209496924 74.27808426379977 74.25416863900776 74.26486592653089 74.22712074904999 74.23695569163446 74.23012237139741 74.21108086117678 74.24047071153049 74.20967997132743 74.1398060081446 74.15243202761627 74.17272618498775 74.11771214787757 74.1197878209837 74.09758477144345 74.05571684395906 74.06999676949175 74.06177187741767 74.05835730026388 74.05484833758547 74.01839568772115 73.99115430444274 73.99634611573575 73.97559941357355 73.92721884237594 73.96296500588281 73.9982082447581 73.95383012847967 73.94318870555193 73.95900636919153 73.95722515260546 73.9610891244234 73.94165447920722 73.88919414737745 73.87159711992972 73.87918779341537 73.90694693982343 73.92586283091528 73.92874390874766 73.91743661426857 73.86636966332891 73.86642827301623 73.87471652946725 73.82042712989735 73.80152886888224 73.7836264772277 73.73996787213328 73.7385953737627 73.74473425344004 73.72647204334226 73.71445026980219 73.7150051303059 73.70879474257 73.71766251114255 73.66547983215469 73.61421404619243 73.6087405959786 73.60336241779984 73.6007093671484 73.59031767388299 73.55025835901174 73.52779626184146 73.48126179331264 73.37741819867729
75 76.45550039091978 76.3084743692777 76.1839582804763 76.05723693731598 76.00020972351601 75.95967504234267 75.88683473734191 75.8430395577785 75.81465033401567 75.81280287279498 75.7837348615639 75.72000391857664 75.72262415582233 75.70017526041079 75.6507442227108 75.6149040389317 75.61152381088809 75.62753274149216 75.6527746506217 75.61216286788363 75.5618015892242 75.54435845527675 75.5466664035247 75.53803699271865 75.50484134774955 75.50432669976891 75.4492403032453 75.42838023217061 75.41726454764535 75.38416083695235 75.40623315480275 75.38705549992864 75.41108250244403 75.41420334555701 75.3439188489263 75.28967110812475 75.26475899896641 75.27590200680301 75.23658411359374 75.24682884545257 75.23971080353897 75.21987589705915 75.25049032451093 75.21841663679942 75.14563125848396 75.15878336210028 75.17992310936225 75.1226168207058 75.12477898019135 75.10165080358692 75.05803837912403 75.07291330155391 75.0643457056434 75.06078885444154 75.05713368498486 75.01916217470955 74.99078573379452 74.99619387055807 74.97458272247243 74.9241862941416 74.96142188112793 74.9981335882897 74.95190638383298 74.94082156828325 74.95729830124117 74.95544286729735 74.95946783794103 74.93922341584086 74.88457723685151 74.8662469999268 74.87415395147434 74.90306972898273 74.92277378220342 74.92577490494548 74.91399647319642 74.86080173263429 74.8608627843919 74.86949638486172 74.81294492697641 74.79325923841901 74.77461091377884 74.72913320013882 74.72770351433616 74.73409818066672 74.71507504514818 74.70255236437728 74.70313034406864 74.6966611901771 74.70589844910683 74.6515414918278 74.59813963145045 74.59243812081105 74.58683585187484 74.58407225744625 74.57324757696145 74.53151912397057 74.50812110608484 74.45964770136733 74.35147729028884
76 77.51372040655656 77.36081334404882 77.23131661169535 77.09952641480862 77.04021811245666 76.99806204403637 76.92230812683559 76.87676114008964 76.8472363473763 76.84531498770677 76.81508425602647 76.7488040753197 76.75152912205523 76.72818227082723 76.67677399161923 76.63950020048895 76.6359847633236 76.65263405115185 76.67888563664657 76.63664938259897 76.58427365279317 76.56613279348782 76.56853305966568 76.5595584724274 76.52503500165953 76.52449976775966 76.46720991537512 76.44551544145745 76.43395512955117 76.39952727043044 76.42248248099486 76.40253771992579 76.4275258025418 76.4307714793793 76.35767560288335 76.30125795244975 76.27534935892507 76.28693808707513 76.24604747813748 76.25670199927066 76.24929923568052 76.22867093294151 76.26050993749138 76.22715330227139 76.15145650882332 76.16513469658429 76.18712003373673 76.12752149353403 76.129770139399 76.10571683573039 76.060359914289 76.07582983361607 76.06691953386914 76.0632204086192 76.05941903238426 76.01992866169792 75.9904171631463 75.99604162538039 75.97356603137133 75.92115374590728 75.95987875637304 75.99805893182128 75.9499826391863 75.93845443101458 75.95559023329082 75.95366058198925 75.95784655145869 75.93679235247448 75.87996032632557 75.86089687992387 75.86912010953331 75.89919251814204 75.91968473349155 75.9228059011433 75.91055633212429 75.85523380193965 75.85529729576757 75.86427624025619 75.80546272405547 75.78498960795577 75.76559535033 75.71829852814437 75.7168116549096 75.7234621078934 75.70367804695411 75.69065445895237 75.6912555578314 75.68452763778419 75.6941343870711 75.63760315150091 75.58206521670847 75.57613564564349 75.57030928594983 75.5674351477441 75.5561774800399 75.51277988892939 75.48844595032824 75.43803360942202 75.3255363819004
77 78.57194042219336 78.41315231881993 78.27867494291439 78.14181589230125 78.0802265013973 78.03644904573008 77.95778151632928 77.91048272240079 77.87982236073691 77.87782710261857 77.84643365048902 77.77760423206277 77.78043408828812 77.75618928124366 77.70280376052766 77.66409636204622 77.66044571575912 77.67773536081154 77.70499662267144 77.66113589731432 77.60674571636214 77.5879071316989 77.59039971580667 77.58107995213615 77.5452286555695 77.54467283575042 77.48517952750493 77.46265065074427 77.45064571145699 77.41489370390853 77.43873180718697 77.41801993992293 77.44396910263956 77.44733961320158 77.3714323568404 77.31284479677474 77.28593971888374 77.29797416734725 77.25551084268125 77.26657515308877 77.25888766782208 77.23746596882388 77.2705295504718 77.23588996774336 77.15728175916267 77.17148603106831 77.19431695811122 77.13242616636227 77.13476129860666 77.10978286787388 77.06268144945395 77.07874636567823 77.06949336209487 77.06565196279686 77.06170437978366 77.02069514868631 76.99004859249808 76.99588938020271 76.97254934027023 76.91812119767293 76.95833563161817 76.99798427535288 76.94805889453963 76.93608729374591 76.95388216534047 76.95187829668114 76.95622526497633 76.93436128910812 76.87534341579963 76.85554675992094 76.86408626759228 76.89531530730136 76.91659568477968 76.91983689734113 76.90711619105214 76.84966587124502 76.84973180714326 76.85905609565066 76.79798052113452 76.77671997749253 76.75657978688116 76.70746385614993 76.70591979548306 76.71282603512006 76.69228104876004 76.67875655352746 76.67938077159414 76.67239408539126 76.68237032503538 76.62366481117402 76.56599080196648 76.55983317047594 76.55378272002483 76.55079803804195 76.53910738311836 76.4940406538882 76.46877079457164 76.41641951747671 76.29959547351196
78 79.63016043783014 79.46549129359103 79.32603327413345 79.1841053697939 79.12023489033794 79.07483604742379 78.99325490582294 78.94420430471192 78.91240837409754 78.91033921753036 78.87778304495157 78.80640438880583 78.80933905452102 78.7841962916601 78.72883352943609 78.68869252360349 78.68490666819466 78.70283667047123 78.7311076086963 78.68562241202966 78.62921777993111 78.60968146990997 78.61226637194765 78.60260143184489 78.56542230947949 78.56484590374117 78.50314913963474 78.47978586003109 78.46733629336279 78.43026013738663 78.45498113337908 78.43350215992007 78.46041240273732 78.46390774702387 78.38518911079746 78.32443164109972 78.2965300788424 78.30901024761937 78.26497420722498 78.27644830690687 78.26847609996364 78.24626100470624 78.28054916345225 78.24462663321535 78.16310700950203 78.17783736555232 78.20151388248571 78.1373308391905 78.13975245781431 78.11384890001736 78.06500298461891 78.08166289774039 78.07206719032061 78.06808351697453 78.06398972718306 78.02146163567468 77.98968002184986 77.99573713502504 77.97153264916913 77.9150886494386 77.95679250686328 77.99790961888446 77.94613514989294 77.93372015647725 77.95217409739011 77.95009601137303 77.95460397849396 77.93193022574175 77.8707265052737 77.85019663991801 77.85905242565126 77.89143809646066 77.91350663606782 77.91686789353894 77.90367604997999 77.8440979405504 77.84416631851893 77.85383595104513 77.79049831821358 77.76845034702929 77.7475642234323 77.69662918415548 77.6950279360565 77.70218996234672 77.68088405056596 77.66685864810255 77.66750598535688 77.66026053299835 77.67060626299964 77.60972647084714 77.5499163872245 77.54353069530838 77.53725615409982 77.5341609283398 77.52203728619682 77.47530141884704 77.44909563881504 77.39480542553142 77.27365456512351
79 80.68838045346695 80.51783026836215 80.37339160535251 80.22639484728653 80.16024327927857 80.1132230491175 80.02872829531663 79.97792588702306 79.94499438745817 79.94285133244216 79.90913243941412 79.83520454554889 79.8382440207539 79.81220330207653 79.75486329834453 79.71328868516076 79.70936762063018 79.72793798013092 79.75721859472117 79.71010892674501 79.65168984350008 79.63145580812105 79.63413302808864 79.62412291155363 79.58561596338947 79.58501897173194 79.52111875176456 79.4969210693179 79.48402687526861 79.44562657086472 79.47123045957119 79.44898437991722 79.47685570283507 79.48047588084614 79.3989458647545 79.33601848542472 79.30712043880105 79.32004632789149 79.27443757176874 79.28632146072498 79.2780645321052 79.25505604058861 79.29056877643268 79.25336329868732 79.1689322598414 79.18418870003633 79.2087108068602 79.14223551201873 79.14474361702196 79.11791493216083 79.06732451978388 79.08457942980255 79.07464101854634 79.07051507115219 79.06627507458245 79.02222812266307 78.98931145120164 78.99558488984735 78.97051595806803 78.91205610120426 78.9552493821084 78.99783496241605 78.94421140524626 78.93135301920857 78.95046602943977 78.94831372606492 78.9529826920116 78.9294991623754 78.86610959474775 78.84484651991508 78.85401858371023 78.88756088561998 78.91041758735597 78.91389888973676 78.90023590890786 78.83853000985576 78.8386008298946 78.8486158064396 78.78301611529264 78.76018071656605 78.73854865998346 78.68579451216104 78.68413607662994 78.6915538895734 78.66948705237189 78.65496074267764 78.65563119911963 78.64812698060544 78.65884220096392 78.59578813052025 78.53384197248252 78.52722822014081 78.52072958817482 78.51752381863764 78.50496718927528 78.45656218380586 78.42942048305842 78.3731913335861 78.24771365673507
80 81.74660046910373 81.57016924313325 81.42074993657155 81.26868432477917 81.20025166821922 81.1516100508112 81.0642016848103 81.0116474693342 80.9775804008188 80.97536344735397 80.94048183387667 80.86400470229196 80.8671489869868 80.84021031249296 80.78089306725296 80.73788484671803 80.7338285730657 80.75303928979059 80.78332958074604 80.73459544146036 80.67416190706905 80.6532301463321 80.65599968422964 80.64564439126238 80.60580961729946 80.6051920397227 80.53908836389436 80.51405627860473 80.50071745717443 80.46099300434281 80.4874797857633 80.46446659991436 80.49329900293283 80.49704401466843 80.41270261871155 80.34760532974971 80.3177107987597 80.33108240816361 80.28390093631249 80.29619461454308 80.28765296424676 80.26385107647098 80.30058838941312 80.26209996415929 80.17475751018075 80.19054003452034 80.2159077312347 80.14714018484696 80.14973477622962 80.1219809643043 80.06964605494883 80.0874959618647 80.07721484677208 80.07294662532985 80.06856042198184 80.02299460965145 79.98894288055342 79.99543264466968 79.96949926696692 79.90902355296993 79.95370625735352 79.99776030594764 79.94228766059959 79.92898588193991 79.9487579614894 79.94653144075681 79.95136140552924 79.92706809900902 79.86149268422182 79.83949639991215 79.84898474176921 79.88368367477928 79.9073285386441 79.91092988593458 79.89679576783571 79.83296207916113 79.83303534127027 79.84339566183407 79.7755339123717 79.75191108610281 79.72953309653462 79.6749598401666 79.67324421720339 79.68091781680006 79.65809005417782 79.64306283725273 79.64375641288237 79.63599342821252 79.6470781389282 79.58184979019336 79.51776755774054 79.51092574497326 79.50420302224981 79.5008867089355 79.48789709235373 79.43782294876468 79.40974532730182 79.3515772416408 79.22177274834662
81 82.80482048474053 82.62250821790437 82.4681082677906 82.3109738022718 82.24026005715986 82.1899970525049 82.09967507430397 82.04536905164534 82.01016641417942 82.00787556226577 81.97183122833924 81.89280485903502 81.89605395321969 81.86821732290939 81.80692283616139 81.7624810082753 81.75828952550123 81.77814059945028 81.80944056677092 81.75908195617569 81.696633970638 81.67500448454318 81.67786634037063 81.66716587097113 81.62600327120944 81.62536510771345 81.55705797602418 81.53119148789156 81.51740803908024 81.4763594378209 81.50372911195541 81.47994881991151 81.50974230303059 81.51361214849071 81.4264593726686 81.35919217407469 81.32830115871836 81.34211848843573 81.29336430085624 81.30606776836117 81.29724139638832 81.27264611235334 81.31060800239356 81.27083662963128 81.18058276052011 81.19689136900436 81.22310465560918 81.1520448576752 81.15472593543727 81.12604699644778 81.0719675901138 81.09041249392686 81.07978867499781 81.07537817950751 81.07084576938124 81.02376109663983 80.98857430990522 80.995280399492 80.96848257586583 80.9059910047356 80.95216313259863 80.99768564947922 80.9403639159529 80.92661874467123 80.94704989353906 80.94474915544872 80.94974011904688 80.92463703564266 80.85687577369588 80.83414627990922 80.84395089982819 80.87980646393859 80.90423948993224 80.9079608821324 80.89335562676357 80.82739414846651 80.82746985264595 80.83817551722854 80.76805170945076 80.74364145563956 80.72051753308577 80.66412516817215 80.66235235777684 80.67028174402674 80.64669305598375 80.63116493182783 80.63188162664511 80.6238598758196 80.63531407689246 80.56791144986647 80.50169314299856 80.4946232698057 80.4876764563248 80.48424959923335 80.47082699543219 80.4190837137235 80.3900701715452 80.32996314969549 80.19583183995817
82 83.86304050037731 83.67484719267546 83.51546659900966 83.35326327976445 83.28026844610051 83.22838405419861 83.13514846379765 83.07909063395648 83.04275242754005 83.04038767717756 83.00318062280179 82.92160501577808 82.92495891945259 82.89622433332582 82.83295260506982 82.78707716983257 82.78275047793674 82.80324190910997 82.83555155279578 82.78356847089104 82.71910603420699 82.69677882275425 82.69973299651161 82.68868735067987 82.64619692511943 82.6455381757042 82.575027588154 82.54832669717838 82.53409862098604 82.491725871299 82.51997843814752 82.49543103990865 82.52618560312835 82.53018028231298 82.44021612662566 82.37077901839969 82.33889151867702 82.35315456870785 82.30282766539999 82.3159409221793 82.30682982852989 82.2814411482357 82.320627615374 82.27957329510326 82.18640801085947 82.20324270348837 82.23030157998366 82.15694953050343 82.15971709464492 82.13011302859127 82.07428912527877 82.09332902598902 82.08236250322355 82.07780973368517 82.07313111678063 82.02452758362821 81.988205739257 81.99512815431433 81.96746588476472 81.90295845650125 81.95062000784375 81.99761099301081 81.93844017130621 81.92425160740257 81.9453418255887 81.94296687014061 81.94811883256453 81.92220597227629 81.85225886316994 81.82879615990629 81.83891705788716 81.8759292530979 81.90115044122037 81.90499187833022 81.88991548569142 81.82182621777187 81.82190436402163 81.832955372623 81.7605695065298 81.73537182517633 81.71150196963693 81.6532904961777 81.65146049835027 81.6596456712534 81.63529605778967 81.61926702640292 81.62000684040787 81.6117263234267 81.62355001485673 81.55397310953958 81.48561872825658 81.47832079463814 81.4711498903998 81.4676124895312 81.45375689851065 81.40034447868233 81.3703950157886 81.30834905775018 81.16989093156973
83 84.9212605160141 84.72718616744658 84.56282493022871 84.3955527572571 84.32027683504114 84.26677105589232 84.17062185329132 84.11281221626763 84.07533844090068 84.07289979208936 84.03453001726436 83.95040517252116 83.95386388568548 83.92423134374225 83.85898237397825 83.81167333138984 83.80721143037226 83.82834321876965 83.86166253882064 83.80805498560639 83.74157809777594 83.71855316096531 83.7215996526526 83.71020883038861 83.66639057902941 83.66571124369497 83.5929972002838 83.5654619064652 83.55078920289188 83.5070923047771 83.53622776433963 83.5109132599058 83.54262890322612 83.54674841613527 83.45397288058271 83.38236586272467 83.34948187863569 83.36419064897996 83.31229102994374 83.32581407599739 83.31641826067144 83.29023618411807 83.33064722835444 83.28830996057522 83.19223326119882 83.20959403797238 83.23749850435816 83.16185420333164 83.16470825385258 83.13417906073474 83.07661066044372 83.09624555805118 83.08493633144928 83.08024128786283 83.07541646418002 83.0252940706166 82.98783716860878 82.99497590913666 82.96644919366362 82.89992590826692 82.94907688308886 82.9975363365424 82.93651642665954 82.9218844701339 82.94363375763835 82.94118458483251 82.94649754608217 82.91977490890993 82.847641952644 82.82344603990336 82.83388321594613 82.87205204225721 82.89806139250851 82.90202287452803 82.88647534461927 82.81625828707725 82.8163388753973 82.82773522801747 82.75308730360886 82.7271021947131 82.70248640618809 82.64245582418326 82.64056863892372 82.64900959848006 82.6238990595956 82.607369120978 82.60813205417061 82.59959277103377 82.61178595282101 82.5400347692127 82.4695443135146 82.46201831947059 82.4546233244748 82.45097537982905 82.4366868015891 82.38160524364115 82.350719860032 82.28673496580487 82.14395002318128
84 85.97948053165089 85.7795251422177 85.61018326144776 85.43784223474972 85.36028522398178 85.30515805758603 85.20609524278501 85.14653379857876 85.10792445426131 85.10541190700116 85.06587941172691 84.97920532926422 84.98276885191838 84.95223835415868 84.8850121428867 84.83626949294711 84.8316723828078 84.85344452842935 84.88777352484551 84.83254150032172 84.76405016134491 84.74032749917639 84.74346630879359 84.73173031009736 84.68658423293938 84.68588431168573 84.61096681241361 84.58259711575204 84.56747978479768 84.52245873825518 84.55247709053174 84.52639547990294 84.55907220332388 84.56331654995755 84.46772963453975 84.39395270704966 84.36007223859434 84.37522672925209 84.32175439448748 84.33568722981549 84.326006692813 84.29903122000044 84.34066684133487 84.2970466260472 84.19805851153819 84.21594537245639 84.24469542873265 84.16675887615989 84.16969941306024 84.13824509287821 84.07893219560867 84.09916209011332 84.08751015967502 84.0826728420405 84.07770181157942 84.02606055760498 83.98746859796056 83.99482366395897 83.96543250256252 83.89689336003258 83.94753375833398 83.99746168007398 83.93459268201286 83.91951733286523 83.94192568968799 83.9394022995244 83.94487625959981 83.91734384554357 83.84302504211806 83.81809591990043 83.8288493740051 83.86817483141652 83.89497234379664 83.89905387072585 83.88303520354714 83.81069035638262 83.81077338677298 83.82251508341194 83.74560510068792 83.71883256424985 83.69347084273923 83.6316211521888 83.62967677949717 83.63837352570674 83.61250206140153 83.59547121555309 83.59625726793335 83.58745921864084 83.60002189078529 83.52609642888581 83.45346989877261 83.44571584430302 83.43809675854979 83.4343382701269 83.41961670466756 83.36286600859997 83.3310447042754 83.26512087385956 83.11800911479284
85 87.03770054728768 86.83186411698878 86.65754159266682 86.48013171224237 86.40029361292243 86.34354505927973 86.24156863227867 86.1802553808899 86.14051046762194 86.13792402191297 86.09722880618946 86.00800548600728 86.01167381815128 85.98024536457511 85.91104191179511 85.86086565450438 85.85613333524331 85.87854583808902 85.91388451087039 85.85702801503707 85.78652222491388 85.76210183738746 85.76533296493457 85.75325178980611 85.70677788684937 85.70605737967648 85.62893642454343 85.59973232503886 85.58417036670349 85.53782517173329 85.56872641672385 85.54187769990008 85.57551550342163 85.57988468377982 85.48148638849682 85.40553955137466 85.370662598553 85.3862628095242 85.33121775903123 85.3455603836336 85.33559512495455 85.30782625588282 85.35068645431531 85.30578329151919 85.20388376187753 85.2222967069404 85.25189235310714 85.1716635489881 85.17469057226789 85.14231112502169 85.08125373077365 85.10207862217548 85.09008398790075 85.08510439621816 85.07998715897881 85.02682704459336 84.98710002731234 84.9946714187813 84.96441581146141 84.89386081179825 84.9459906335791 84.99738702360557 84.93266893736617 84.91715019559655 84.94021762173765 84.9376200142163 84.94325497311746 84.9149127821772 84.83840813159212 84.81274579989751 84.82381553206407 84.86429762057583 84.89188329508478 84.89608486692367 84.87959506247499 84.80512242568798 84.80520789814867 84.81729493880641 84.73812289776697 84.7105629337866 84.68445527929039 84.62078648019435 84.61878492007062 84.62773745293342 84.60110506320746 84.58357331012819 84.58438248169611 84.57532566624795 84.58825782874956 84.51215808855892 84.43739548403063 84.42941336913546 84.42157019262478 84.41770116042474 84.40254660774602 84.3441267735588 84.3113695485188 84.24350678191426 84.09206820640438
86 88.09592056292448 87.8842030917599 87.70489992388588 87.52242118973501 87.44030200186306 87.38193206097344 87.27704202177236 87.21397696320105 87.17309648098257 87.17043613682475 87.12857820065202 87.03680564275035 87.04057878438417 87.00825237499154 86.93707168070355 86.88546181606165 86.88059428767883 86.90364714774871 86.93999549689525 86.88151452975242 86.80899428848285 86.78387617559852 86.78719962107556 86.77477326951485 86.72697154075935 86.72623044766723 86.64690603667324 86.61686753432568 86.60086094860931 86.55319160521137 86.58497574291596 86.55735991989724 86.59195880351939 86.59645281760211 86.49524314245386 86.41712639569965 86.38125295851165 86.39729888979633 86.340681123575 86.35543353745169 86.3451835570961 86.31662129176517 86.36070606729575 86.31451995699115 86.2097090122169 86.2286480414244 86.25908927748162 86.17656822181635 86.17968173147554 86.14637715716518 86.0835752659386 86.10499515423764 86.09265781612649 86.08753595039582 86.08227250637822 86.02759353158174 85.98673145666412 85.9945191736036 85.96339912036032 85.89082826356392 85.94444750882423 85.99731236713717 85.9307451927195 85.91478305832788 85.9385095537873 85.93583772890818 85.9416336866351 85.91248171881082 85.83379122106618 85.80739567989458 85.81878169012305 85.86042040973513 85.88879424637292 85.8931158631215 85.87615492140284 85.79955449499336 85.79964240952432 85.81207479420088 85.73064069484604 85.70229330332337 85.67543971584155 85.60995180819991 85.60789306064407 85.61710138016008 85.58970806501338 85.57167540470329 85.57250769545885 85.56319211385502 85.57649376671382 85.49821974823203 85.42132106928864 85.41311089396791 85.40504362669978 85.4010640507226 85.38547651082447 85.32538753851762 85.29169439276218 85.22189268996895 85.06612729801594
87 89.15414057856127 88.93654206653102 88.75225825510492 88.56471066722764 88.48031039080371 88.42031906266715 88.31251541126603 88.24769854551218 88.20568249434318 88.20294825173656 88.15992759511457 88.06560579949343 88.06948375061705 88.03625938540799 87.96310144961198 87.9100579776189 87.90505524011436 87.9287484574084 87.96610648292011 87.90600104446776 87.83146635205182 87.80565051380961 87.80906627721654 87.79629474922359 87.74716519466932 87.74640351565799 87.66487564880305 87.63400274361251 87.61755153051513 87.56855803868947 87.60122506910807 87.57284213989439 87.60840210361715 87.61302095142439 87.50899989641091 87.42871324002463 87.39184331847031 87.40833497006844 87.35014448811873 87.3653066912698 87.35477198923766 87.32541632764753 87.37072568027618 87.32325662246313 87.21553426255626 87.23499937590842 87.26628620185612 87.18147289464457 87.1846728906832 87.15044318930865 87.08589680110356 87.10791168629979 87.09523164435222 87.08996750457348 87.0845578537776 87.02836001857013 86.9863628860159 86.99436692842593 86.96238242925921 86.88779571532959 86.94290438406934 86.99723771066874 86.92882144807282 86.91241592105922 86.93680148583694 86.93405544360007 86.94001240015274 86.91005065544446 86.82917431054024 86.80204555989165 86.81374784818203 86.85654319889446 86.88570519766105 86.89014685931932 86.87271478033071 86.79398656429873 86.79407692090001 86.80685464959535 86.72315849192509 86.69402367286014 86.6664241523927 86.59911713620546 86.59700120121752 86.60646530738674 86.57831106681931 86.55977749927837 86.5606329092216 86.5510585614621 86.5647297046781 86.48428140790514 86.40524665454666 86.39680841880036 86.38851706077477 86.38442694102045 86.36840641390295 86.30664830347644 86.27201923700557 86.20027859802366 86.0401863896275
88 90.21236059419806 89.98888104130211 89.79961658632396 89.60700014472027 89.52031877974434 89.45870606436085 89.34798880075971 89.28142012782332 89.23826850770381 89.23546036664835 89.19127698957713 89.09440595623649 89.09838871684995 89.0642663958244 88.98913121852041 88.93465413917617 88.92951619254988 88.95384976706809 88.99221746894499 88.93048755918312 88.85393841562079 88.82742485202067 88.83093293335753 88.81781622893234 88.7673588485793 88.76657658364874 88.68284526093287 88.65113795289933 88.63424211242094 88.58392447216755 88.61747439530018 88.58832435989153 88.62484540371491 88.62958908524666 88.52275665036797 88.44030008434963 88.40243367842896 88.41937105034057 88.35960785266249 88.3751798450879 88.36436042137923 88.3342113635299 88.38074529325662 88.33199328793512 88.22135951289562 88.24135071039242 88.27348312623062 88.18637756747282 88.18966404989085 88.15450922145212 88.08821833626853 88.11082821836195 88.09780547257797 88.09239905875114 88.086843201177 88.02912650555851 87.98599431536769 87.99421468324826 87.96136573815811 87.88476316709524 87.94136125931445 87.99716305420034 87.92689770342614 87.91004878379056 87.93509341788658 87.93227315829198 87.93839111367038 87.9076195920781 87.8245574000143 87.79669543988874 87.80871400624099 87.85266598805376 87.88261614894918 87.88717785551714 87.86927463925856 87.7884186336041 87.78851143227568 87.80163450498982 87.71567628900415 87.6857540423969 87.65740858894385 87.588282464211 87.58610934179096 87.59582923461342 87.56691406862524 87.54787959385345 87.54875812298434 87.53892500906919 87.55296564264236 87.47034306757826 87.38917223980468 87.38050594363278 87.37199049484975 87.3677898313183 87.3513363169814 87.28790906843525 87.25234408124896 87.17866450607835 87.01424548123904
89 91.27058060983485 91.04122001607323 90.84697491754302 90.64928962221292 90.56032716868498 90.49709306605456 90.3834621902534 90.31514171013447 90.27085452106444 90.26797248156015 90.22262638403969 90.12320611297955 90.12729368308285 90.09227340624085 90.01516098742884 89.95925030073344 89.9539771449854 89.97895107672778 90.01832845496986 89.95497407389846 89.87641047918976 89.84919919023174 89.85279958949852 89.8393377086411 89.78755250248929 89.7867496516395 89.70081487306268 89.66827316218615 89.65093269432676 89.59929090564566 89.63372372149229 89.60380657988867 89.64128870381268 89.64615721906895 89.53651340432502 89.45188692867461 89.41302403838762 89.43040713061268 89.36907121720623 89.385052998906 89.37394885352079 89.34300639941227 89.39076490623705 89.34072995340709 89.22718476323499 89.24770204487645 89.2806800506051 89.19128224030104 89.1946552090985 89.15857525359559 89.09053987143349 89.1137447504241 89.10037930080371 89.0948306129288 89.08912854857638 89.02989299254688 88.98562574471947 88.99406243807059 88.96034904705701 88.8817306188609 88.93981813455957 88.99708839773191 88.92497395877945 88.90768164652188 88.93338534993623 88.93049087298387 88.93676982718802 88.90518852871173 88.81994048948835 88.7913453198858 88.80368016429998 88.84878877721306 88.87952710023733 88.88420885171496 88.86583449818642 88.78285070290947 88.78294594365136 88.79641436038429 88.70819408608321 88.67748441193365 88.64839302549501 88.57744779221656 88.57521748236441 88.58519316184008 88.55551707043116 88.53598168842855 88.53688333674708 88.52679145667628 88.54120158060664 88.45640472725137 88.3730978250627 88.36420346846523 88.35546392892475 88.35115272161615 88.33426622005986 88.26916983339407 88.23266892549236 88.15705041413304 87.98830457285061
